7826
0
1
 0
2
1
 0
3
1
 0
4
1
 0
13
1
 0
14
1
 0
15
1
 0
17
1
 0
18
1
 0
19
1
 0
24
1
 0
25
1
 0
26
1
 0
29
2
 0
 0
30
2
 0
 0
31
2
 0
 0
32
1
 0
33
1
 0
34
1
 0
43
1
 0
44
2
 0
 0
45
2
 0
 0
46
2
 0
 0
47
1
 0
48
1
 0
49
1
 0
50
1
 0
51
1
 0
52
1
 0
54
2
 0
 0
55
2
 0
 0
56
3
 0
 0
 0
57
2
 0
 0
58
2
 0
 0
61
1
 0
62
1
 0
63
1
 0
64
1
 0
66
1
 0
67
2
 0
 0
68
1
 0
69
2
 0
 0
70
1
 0
74
1
a-he 1
75
2
 0
b-hf 0
76
1
 0
77
1
 0
78
1
 0
80
2
 0
 0
81
1
 0
82
2
 0
 0
83
2
 0
 0
84
2
 0
 0
86
1
 0
87
1
 0
89
1
 0
93
1
 0
97
1
 0
98
1
 0
100
1
 0
103
2
 0
 0
105
2
 0
 0
106
1
 0
107
1
 0
108
1
 0
110
1
 0
111
2
 0
 0
112
1
 0
113
1
 0
114
1
 0
117
1
 0
118
1
 0
120
2
 0
 0
121
1
 0
123
1
 0
126
1
 0
127
1
 0
128
3
 0
 0
 0
129
1
 0
130
2
 0
 0
132
3
 0
 0
 0
133
1
 0
134
1
 0
135
1
 0
137
1
 0
138
2
 0
 0
140
1
 0
141
1
 0
143
1
 0
144
1
 0
148
1
 0
149
1
 0
151
2
 0
 0
152
1
 0
153
1
 0
154
1
 0
155
1
 0
156
2
 0
 0
158
2
 0
 0
159
1
 0
160
1
 0
162
1
 0
165
1
 0
166
1
 0
167
2
 0
 0
168
2
 0
 0
169
1
 0
170
1
 0
171
1
 0
174
1
 0
175
1
 0
177
2
 0
 0
179
1
 0
180
2
 0
 0
181
2
 0
 0
182
3
 0
 0
 0
184
1
 0
185
1
 0
187
1
 0
191
1
 0
192
1
 0
194
3
 0
 0
 0
195
1
 0
197
1
 0
198
2
 0
 0
199
2
 0
 0
200
2
 0
 0
201
1
 0
202
1
 0
203
2
 0
 0
204
3
 0
 0
 0
205
2
 0
 0
206
2
 0
 0
207
2
 0
 0
208
1
 0
209
2
 0
 0
210
2
 0
 0
211
2
 0
 0
212
2
 0
 0
213
1
 0
214
2
 0
 0
215
1
 0
216
1
 0
217
1
 0
218
1
 0
222
1
 0
223
1
 0
225
1
 0
226
2
 0
 0
227
1
 0
228
1
 0
229
2
 0
 0
230
2
 0
 0
231
2
 0
 0
232
2
 0
 0
233
1
 0
235
1
 0
236
1
 0
239
1
 0
241
2
 0
 0
242
1
 0
243
1
 0
244
1
 0
245
1
 0
246
1
 0
247
1
 0
248
1
 0
249
1
 0
251
3
 0
 0
 0
252
1
 0
253
1
 0
254
1
 0
256
2
 0
 0
257
1
 0
258
2
 0
 0
259
1
 0
261
1
 0
264
2
 0
 0
265
2
 0
 0
266
2
 0
 0
267
1
 0
268
2
 0
 0
269
1
 0
270
2
 0
 0
271
1
 0
272
2
 0
 0
273
1
 0
274
1
 0
275
2
 0
 0
276
1
 0
277
1
 0
278
2
 0
 0
279
2
 0
 0
280
2
 0
 0
281
1
 0
284
1
 0
285
1
 0
286
1
 0
287
1
 0
290
2
 0
 0
291
2
 0
 0
292
2
 0
 0
299
1
 0
300
3
 0
 0
 0
301
1
 0
302
1
 0
303
2
 0
 0
304
2
 0
 0
305
4
 0
 0
 0
 0
306
2
 0
 0
307
2
 0
 0
308
1
 0
309
2
 0
 0
310
3
 0
 0
 0
311
2
 0
 0
312
3
 0
 0
 0
313
2
 0
 0
314
1
 0
315
2
 0
 0
316
1
 0
317
1
 0
321
1
 0
322
1
 0
323
2
 0
 0
324
1
 0
325
2
 0
 0
326
1
 0
327
2
 0
 0
328
1
 0
329
2
 0
 0
330
1
 0
331
2
 0
 0
332
2
 0
 0
333
1
 0
334
2
 0
 0
335
2
 0
 0
336
1
 0
338
1
 0
339
2
 0
 0
340
3
 0
 0
 0
341
1
 0
342
3
 0
 0
 0
343
2
 0
 0
344
2
 0
 0
345
4
 0
 0
 0
 0
346
1
 0
347
2
 0
 0
348
2
 0
 0
349
1
 0
350
2
 0
 0
351
1
 0
353
1
 0
354
1
 0
355
2
 0
 0
359
1
 0
360
3
 0
 0
 0
361
1
 0
362
1
 0
363
1
 0
365
2
 0
 0
366
3
 0
 0
 0
367
2
 0
 0
368
2
 0
 0
369
1
 0
370
3
 0
 0
 0
371
2
 0
 0
372
1
 0
373
1
 0
375
2
 0
 0
376
2
 0
 0
377
1
 0
378
1
 0
379
1
 0
380
2
 0
 0
381
1
 0
382
2
 0
 0
383
3
 0
 0
 0
384
2
 0
 0
385
2
 0
 0
386
1
 0
387
2
 0
 0
388
1
 0
389
1
 0
390
4
 0
 0
 0
 0
391
2
 0
 0
392
2
 0
 0
393
2
 0
 0
394
3
 0
 0
 0
395
3
 0
 0
 0
396
2
 0
 0
397
2
 0
 0
398
2
 0
 0
399
3
 0
 0
 0
400
3
 0
 0
 0
401
1
 0
402
2
 0
 0
403
1
 0
404
2
 0
 0
405
3
 0
 0
 0
406
2
 0
 0
407
3
 0
 0
 0
408
2
 0
 0
409
1
 0
410
2
 0
 0
411
2
 0
 0
412
2
 0
 0
413
1
 0
414
2
 0
 0
415
2
 0
 0
418
1
 0
419
1
 0
422
1
 0
423
2
 0
 0
424
1
 0
425
1
 0
426
1
 0
427
1
 0
431
1
 0
433
1
 0
434
1
 0
435
1
 0
436
2
 0
 0
437
1
 0
438
2
 0
 0
440
1
 0
442
3
 0
 0
 0
443
3
 0
 0
 0
444
2
 0
 0
445
2
 0
 0
446
2
 0
 0
447
2
 0
 0
449
2
 0
 0
450
1
 0
451
1
 0
453
1
 0
454
1
 0
455
1
 0
456
1
 0
457
2
 0
 0
458
1
 0
459
3
 0
 0
 0
460
1
 0
461
1
 0
462
2
 0
 0
463
2
 0
 0
464
1
 0
465
2
 0
 0
466
2
 0
 0
467
2
 0
 0
468
2
 0
 0
469
1
 0
470
2
 0
 0
471
1
 0
472
1
 0
473
1
 0
474
1
 0
476
3
 0
 0
 0
477
1
 0
478
2
 0
 0
480
1
 0
481
1
 0
482
1
 0
485
1
 0
486
1
 0
487
1
 0
488
2
 0
 0
489
3
 0
 0
 0
490
1
 0
491
2
 0
 0
492
1
 0
494
1
 0
495
2
 0
 0
496
1
 0
497
1
 0
499
1
 0
500
2
 0
 0
501
1
 0
503
1
 0
505
1
 0
506
2
 0
 0
508
2
 0
 0
509
1
 0
510
1
 0
512
1
 0
514
1
 0
515
1
 0
518
2
 0
 0
519
1
 0
520
1
 0
521
1
 0
522
1
 0
523
1
 0
524
1
 0
525
1
 0
526
2
 0
 0
527
3
 0
 0
 0
528
3
 0
 0
 0
529
1
 0
530
1
 0
531
2
 0
 0
532
2
 0
 0
533
1
 0
534
2
 0
 0
535
1
 0
536
1
 0
537
2
 0
 0
539
1
 0
540
2
 0
 0
542
1
 0
543
2
 0
 0
544
1
 0
547
2
 0
 0
548
2
 0
 0
549
1
 0
550
3
 0
 0
 0
551
2
 0
 0
552
2
 0
 0
553
1
 0
554
1
 0
557
1
 0
558
2
 0
 0
559
1
 0
560
1
 0
561
2
 0
 0
563
1
 0
564
2
 0
 0
565
1
 0
566
2
 0
 0
567
2
 0
 0
569
1
 0
572
1
 0
575
1
 0
576
1
 0
577
2
 0
 0
578
2
 0
 0
579
1
 0
580
2
 0
 0
582
1
 0
583
1
 0
584
1
 0
587
1
 0
588
2
 0
 0
589
2
 0
 0
590
2
 0
 0
591
2
 0
 0
595
2
 0
 0
596
2
 0
 0
599
1
 0
600
2
 0
 0
602
1
 0
603
1
 0
604
1
 0
605
2
 0
 0
606
3
 0
 0
 0
607
1
 0
608
4
 0
 0
 0
 0
609
1
 0
610
1
 0
611
1
 0
612
2
 0
 0
613
2
 0
 0
614
4
 0
 0
 0
 0
615
2
 0
 0
616
1
 0
618
1
 0
619
2
 0
 0
621
1
 0
622
1
 0
623
1
 0
624
1
 0
625
1
 0
626
2
 0
 0
627
2
 0
 0
629
1
 0
630
1
 0
631
1
 0
632
1
 0
633
2
 0
 0
635
1
 0
636
1
 0
637
2
 0
 0
638
2
 0
 0
639
1
 0
641
2
 0
 0
643
1
 0
644
1
 0
647
1
 0
648
1
 0
649
1
 0
650
2
 0
 0
651
1
 0
652
2
 0
 0
653
1
 0
654
2
 0
 0
655
1
 0
658
1
 0
659
2
 0
 0
660
1
 0
661
2
 0
 0
662
2
 0
 0
663
2
 0
 0
667
1
 0
668
2
 0
 0
670
1
 0
671
2
 0
 0
672
3
 0
 0
 0
673
3
 0
 0
 0
674
1
 0
675
1
 0
676
1
 0
677
3
 0
 0
 0
678
3
 0
 0
 0
679
1
 0
680
3
 0
 0
 0
681
1
 0
682
2
 0
 0
683
1
 0
684
1
 0
685
2
 0
 0
686
1
 0
687
2
 0
 0
688
2
 0
 0
689
2
 0
 0
690
2
 0
 0
691
2
 0
 0
692
1
 0
693
1
 0
695
1
 0
696
1
 0
697
1
 0
699
2
 0
 0
700
1
 0
701
2
 0
 0
702
2
 0
 0
703
3
 0
 0
 0
704
1
 0
705
2
 0
 0
707
1
 0
708
1
 0
709
1
 0
710
1
 0
711
1
 0
712
1
 0
715
1
 0
716
1
 0
719
1
 0
720
1
 0
721
1
 0
722
1
 0
723
1
 0
728
1
 0
729
2
 0
 0
730
2
 0
 0
731
2
 0
 0
732
1
 0
733
1
 0
734
1
 0
735
1
 0
736
1
 0
738
1
 0
739
2
 0
 0
740
2
 0
 0
741
2
 0
 0
742
2
 0
 0
743
1
 0
744
1
 0
745
1
 0
746
2
 0
 0
747
2
 0
 0
748
3
 0
 0
 0
749
2
 0
 0
750
2
 0
 0
751
1
 0
752
1
 0
753
1
 0
754
1
 0
755
3
 0
 0
 0
756
2
 0
 0
757
1
 0
758
2
 0
 0
759
2
 0
 0
760
2
 0
 0
761
1
 0
762
1
 0
763
2
 0
 0
764
1
 0
765
1
 0
766
2
 0
 0
767
1
 0
768
1
 0
770
1
 0
773
2
 0
 0
774
2
 0
 0
775
3
 0
 0
 0
776
1
 0
777
1
 0
778
2
 0
 0
779
2
 0
 0
780
4
 0
 0
 0
 0
781
2
 0
 0
782
2
 0
 0
783
2
 0
 0
784
2
 0
 0
785
3
 0
 0
 0
786
1
 0
787
1
 0
789
1
 0
790
3
 0
 0
 0
791
1
 0
792
1
 0
793
1
 0
794
1
 0
795
3
 0
 0
 0
797
1
 0
798
1
 0
799
2
 0
 0
800
2
 0
 0
801
2
 0
 0
802
1
 0
803
1
 0
804
2
 0
 0
805
2
 0
 0
806
1
 0
807
1
 0
808
1
 0
809
2
 0
 0
810
2
 0
 0
811
2
 0
 0
812
1
 0
813
2
 0
 0
814
2
 0
 0
815
2
 0
 0
820
2
 0
 0
821
1
 0
822
1
 0
824
1
 0
825
3
 0
 0
 0
828
1
 0
829
1
 0
834
2
 0
 0
835
1
 0
836
1
 0
837
2
 0
 0
838
1
 0
840
1
 0
841
1
 0
842
1
 0
844
1
 0
846
2
 0
 0
848
1
 0
849
2
 0
 0
851
1
 0
852
1
 0
853
1
 0
854
1
 0
856
1
 0
857
1
 0
858
2
 0
 0
859
2
 0
 0
860
2
 0
 0
861
1
 0
862
1
 0
863
1
 0
864
1
 0
866
1
 0
867
1
 0
868
1
 0
869
1
 0
870
2
 0
 0
871
1
 0
872
1
 0
873
2
 0
 0
874
3
 0
 0
 0
875
1
 0
876
1
 0
877
1
 0
880
2
 0
 0
881
2
 0
 0
882
1
 0
883
1
 0
885
1
 0
887
1
 0
888
1
 0
890
1
 0
891
1
 0
896
1
 0
897
1
 0
898
3
 0
 0
 0
899
2
 0
 0
902
1
 0
906
1
 0
907
1
 0
908
2
 0
 0
909
2
 0
 0
910
1
 0
911
1
 0
912
1
 0
913
1
 0
914
1
 0
915
1
 0
916
1
 0
917
1
 0
918
1
 0
919
1
 0
920
1
 0
921
1
 0
922
1
 0
923
2
 0
 0
924
1
 0
925
1
 0
927
2
 0
 0
928
2
 0
 0
929
2
 0
 0
930
2
 0
 0
931
2
 0
 0
932
1
 0
933
1
 0
935
1
 0
936
1
 0
937
1
 0
941
1
 0
942
1
 0
943
1
 0
944
3
 0
 0
 0
945
1
 0
946
3
 0
 0
 0
947
2
 0
 0
948
2
 0
 0
949
1
 0
950
2
 0
 0
951
1
 0
952
1
 0
953
1
 0
954
3
 0
 0
 0
955
1
 0
956
1
 0
957
1
 0
958
1
 0
959
2
 0
 0
960
1
 0
961
2
 0
 0
962
2
 0
 0
964
1
 0
965
1
 0
966
1
 0
969
2
 0
 0
970
1
 0
972
2
 0
 0
973
2
 0
 0
974
2
 0
 0
976
1
 0
977
1
 0
978
1
 0
979
1
 0
980
1
 0
981
1
 0
982
2
 0
 0
983
2
 0
 0
984
2
 0
 0
985
2
 0
 0
986
1
 0
988
1
 0
989
1
 0
990
2
 0
 0
991
2
 0
 0
992
2
 0
 0
993
1
 0
995
1
 0
996
1
 0
997
1
 0
998
1
 0
999
1
 0
1000
2
 0
 0
1001
1
 0
1004
1
 0
1005
2
 0
 0
1007
1
 0
1009
1
 0
1011
2
 0
 0
1012
1
 0
1013
1
 0
1014
2
 0
 0
1015
2
 0
 0
1016
2
 0
 0
1017
2
 0
 0
1018
1
 0
1019
1
 0
1020
2
 0
 0
1021
2
 0
 0
1022
1
 0
1023
1
 0
1024
1
 0
1027
2
 0
 0
1028
2
 0
 0
1029
2
 0
 0
1030
1
 0
1031
1
 0
1033
1
 0
1034
2
 0
 0
1035
1
 0
1036
1
 0
1037
2
 0
 0
1038
2
 0
 0
1040
1
 0
1042
1
 0
1043
2
 0
 0
1044
1
 0
1045
1
 0
1046
2
 0
 0
1048
2
 0
 0
1051
1
 0
1052
2
 0
 0
1055
1
 0
1056
1
 0
1057
2
 0
 0
1058
1
 0
1059
2
 0
 0
1060
1
 0
1062
2
 0
 0
1063
2
 0
 0
1064
1
 0
1065
1
 0
1066
1
 0
1067
1
 0
1068
1
 0
1069
3
 0
 0
 0
1070
2
 0
 0
1071
1
 0
1072
1
 0
1073
1
 0
1074
1
 0
1078
1
 0
1079
2
 0
 0
1081
1
 0
1083
1
 0
1085
1
 0
1087
1
 0
1089
1
 0
1090
2
 0
 0
1091
2
 0
 0
1092
1
 0
1093
1
 0
1094
2
 0
 0
1095
2
 0
 0
1096
2
 0
 0
1097
2
 0
 0
1098
2
 0
 0
1099
1
 0
1100
1
 0
1101
2
 0
 0
1102
2
 0
 0
1103
2
 0
 0
1105
1
 0
1106
1
 0
1107
1
 0
1108
1
 0
1109
1
 0
1110
2
 0
 0
1111
1
 0
1112
2
 0
 0
1114
1
 0
1115
1
 0
1116
1
 0
1120
1
 0
1121
1
 0
1122
2
 0
 0
1123
1
 0
1126
1
 0
1127
2
 0
 0
1128
3
 0
 0
 0
1129
1
 0
1130
1
 0
1131
2
 0
 0
1132
1
 0
1133
2
 0
 0
1134
2
 0
 0
1135
2
 0
 0
1136
1
 0
1137
2
 0
 0
1138
4
 0
 0
 0
 0
1139
1
 0
1140
1
 0
1142
1
 0
1143
2
 0
 0
1144
2
 0
 0
1145
1
 0
1146
1
 0
1147
2
 0
 0
1148
1
 0
1149
1
 0
1153
3
 0
 0
 0
1154
2
 0
 0
1155
1
 0
1156
1
 0
1157
2
 0
 0
1158
2
 0
 0
1159
1
 0
1160
2
 0
 0
1161
2
 0
 0
1162
1
 0
1163
2
 0
 0
1164
1
 0
1168
1
 0
1169
1
 0
1170
1
 0
1171
1
 0
1172
1
 0
1173
3
 0
 0
 0
1175
1
 0
1176
1
 0
1177
1
 0
1182
1
 0
1183
1
 0
1187
1
 0
1188
3
 0
 0
 0
1189
2
 0
 0
1190
1
 0
1191
2
 0
 0
1192
1
 0
1193
2
 0
 0
1194
1
 0
1195
1
 0
1196
2
 0
 0
1197
1
 0
1198
3
 0
 0
 0
1199
2
 0
 0
1200
2
 0
 0
1201
2
 0
 0
1202
2
 0
 0
1203
3
 0
 0
 0
1204
1
 0
1208
1
 0
1210
1
 0
1211
1
 0
1212
1
 0
1213
1
 0
1216
1
 0
1217
2
 0
 0
1218
2
 0
 0
1219
1
 0
1220
2
 0
 0
1221
1
 0
1222
2
 0
 0
1223
2
 0
 0
1224
3
 0
 0
 0
1225
2
 0
 0
1226
2
 0
 0
1227
1
 0
1228
2
 0
 0
1229
2
 0
 0
1230
1
 0
1231
2
 0
 0
1233
1
 0
1238
1
 0
1239
1
 0
1240
1
 0
1241
2
 0
 0
1242
1
 0
1243
2
 0
 0
1244
1
 0
1246
2
 0
 0
1247
1
 0
1248
1
 0
1249
1
 0
1250
1
 0
1251
2
 0
 0
1252
2
 0
 0
1254
1
 0
1255
1
 0
1256
2
 0
 0
1257
1
 0
1259
2
 0
 0
1260
1
 0
1261
3
 0
 0
 0
1262
2
 0
 0
1263
3
 0
 0
 0
1267
1
 0
1269
1
 0
1270
1
 0
1271
2
 0
 0
1273
1
 0
1274
1
 0
1275
2
 0
 0
1279
1
 0
1280
1
 0
1282
2
 0
 0
1283
2
 0
 0
1284
1
 0
1285
1
 0
1287
1
 0
1288
3
 0
 0
 0
1289
2
 0
 0
1290
1
 0
1291
3
 0
 0
 0
1292
1
 0
1293
1
 0
1294
3
 0
 0
 0
1295
2
 0
 0
1296
2
 0
 0
1297
2
 0
 0
1298
1
 0
1299
2
 0
 0
1300
1
 0
1302
1
 0
1303
1
 0
1304
1
 0
1305
1
 0
1307
1
 0
1308
2
 0
 0
1309
2
 0
 0
1310
2
 0
 0
1311
1
 0
1312
2
 0
 0
1313
2
 0
 0
1314
1
 0
1315
1
 0
1317
1
 0
1318
1
 0
1319
2
 0
 0
1320
1
 0
1321
1
 0
1322
2
 0
 0
1323
1
 0
1324
2
 0
 0
1325
1
 0
1328
1
 0
1330
2
 0
 0
1331
1
 0
1332
1
 0
1333
3
 0
 0
 0
1335
1
 0
1338
1
 0
1339
2
 0
 0
1340
1
 0
1341
1
 0
1343
1
 0
1345
1
 0
1346
1
 0
1347
2
 0
 0
1348
1
 0
1349
1
 0
1350
1
 0
1351
2
 0
 0
1352
1
 0
1354
1
 0
1355
2
 0
 0
1356
3
 0
 0
 0
1357
1
 0
1358
1
 0
1359
1
 0
1360
2
 0
 0
1363
1
 0
1364
1
 0
1366
2
 0
 0
1367
1
 0
1369
1
 0
1371
2
 0
 0
1372
2
 0
 0
1373
1
 0
1374
1
 0
1376
1
 0
1377
2
 0
 0
1378
1
 0
1379
2
 0
 0
1380
3
 0
 0
 0
1381
1
 0
1382
3
 0
 0
 0
1383
2
 0
 0
1384
1
 0
1386
1
 0
1387
1
 0
1389
1
 0
1391
1
 0
1392
2
 0
 0
1394
1
 0
1395
1
 0
1396
1
 0
1397
1
 0
1398
2
 0
 0
1399
2
 0
 0
1400
1
 0
1402
1
 0
1403
2
 0
 0
1404
1
 0
1405
3
 0
 0
 0
1406
1
 0
1407
1
 0
1410
1
 0
1415
1
 0
1416
1
 0
1417
1
 0
1418
1
 0
1419
2
 0
 0
1420
1
 0
1422
1
 0
1423
1
 0
1424
1
 0
1426
2
 0
 0
1427
3
 0
 0
 0
1428
1
 0
1429
1
 0
1430
2
 0
 0
1431
2
 0
 0
1432
2
 0
 0
1433
3
 0
 0
 0
1434
1
 0
1435
1
 0
1436
1
 0
1437
1
 0
1438
2
 0
 0
1439
2
 0
 0
1440
1
 0
1441
2
 0
 0
1442
1
 0
1443
2
 0
 0
1444
2
 0
 0
1445
1
 0
1446
2
 0
 0
1447
1
 0
1449
2
 0
 0
1450
1
 0
1451
1
 0
1452
1
 0
1453
1
 0
1454
1
 0
1455
2
 0
 0
1456
1
 0
1457
1
 0
1458
3
 0
 0
 0
1459
2
 0
 0
1460
2
 0
 0
1461
1
 0
1462
1
 0
1463
3
 0
 0
 0
1464
3
 0
 0
 0
1466
2
 0
 0
1468
1
 0
1469
1
 0
1470
1
 0
1471
1
 0
1472
1
 0
1473
1
 0
1475
2
 0
 0
1476
2
 0
 0
1477
2
 0
 0
1478
1
 0
1479
2
 0
 0
1482
1
 0
1483
1
 0
1484
2
 0
 0
1485
1
 0
1486
1
 0
1487
1
 0
1488
1
 0
1490
1
 0
1491
1
 0
1492
2
 0
 0
1494
1
 0
1496
1
 0
1498
1
 0
1499
2
 0
 0
1501
2
 0
 0
1502
1
 0
1503
2
 0
 0
1504
1
 0
1505
2
 0
 0
1506
1
 0
1507
2
 0
 0
1508
1
 0
1509
1
 0
1510
2
 0
 0
1511
2
 0
 0
1512
1
 0
1513
2
 0
 0
1514
1
 0
1515
1
 0
1516
1
 0
1517
1
 0
1519
1
 0
1520
1
 0
1521
3
 0
 0
 0
1522
1
 0
1523
2
 0
 0
1525
2
 0
 0
1526
2
 0
 0
1527
3
 0
 0
 0
1528
1
 0
1532
1
 0
1533
2
 0
 0
1536
1
 0
1537
1
 0
1538
2
 0
 0
1539
2
 0
 0
1540
1
 0
1541
1
 0
1542
2
 0
 0
1543
3
 0
 0
 0
1544
2
 0
 0
1545
2
 0
 0
1546
1
 0
1547
2
 0
 0
1548
2
 0
 0
1549
1
 0
1552
1
 0
1553
2
 0
 0
1554
1
 0
1555
1
 0
1557
1
 0
1558
3
 0
 0
 0
1559
2
 0
 0
1560
1
 0
1561
1
 0
1562
1
 0
1563
2
 0
 0
1564
1
 0
1572
1
 0
1573
3
 0
 0
 0
1574
3
 0
 0
 0
1575
2
 0
 0
1576
2
 0
 0
1577
2
 0
 0
1578
1
 0
1580
1
 0
1581
1
 0
1582
1
 0
1583
1
 0
1584
1
 0
1585
1
 0
1586
2
 0
 0
1587
1
 0
1588
2
 0
 0
1589
1
 0
1590
1
 0
1598
2
 0
 0
1599
3
 0
 0
 0
1600
2
 0
 0
1601
1
 0
1603
2
 0
 0
1604
1
 0
1605
1
 0
1606
2
 0
 0
1607
2
 0
 0
1608
2
 0
 0
1609
1
 0
1611
2
 0
 0
1612
2
 0
 0
1613
2
 0
 0
1614
2
 0
 0
1615
3
 0
 0
 0
1616
3
 0
 0
 0
1617
2
 0
 0
1618
2
 0
 0
1619
3
 0
 0
 0
1620
1
 0
1621
2
 0
 0
1622
2
 0
 0
1623
4
 0
 0
 0
 0
1624
2
 0
 0
1625
2
 0
 0
1626
2
 0
 0
1627
2
 0
 0
1628
3
 0
 0
 0
1629
2
 0
 0
1630
1
 0
1631
2
 0
 0
1632
2
 0
 0
1633
3
 0
 0
 0
1634
1
 0
1635
1
 0
1636
2
 0
 0
1637
2
 0
 0
1638
3
 0
 0
 0
1639
2
 0
 0
1640
2
 0
 0
1641
2
 0
 0
1643
2
 0
 0
1648
1
 0
1653
2
 0
 0
1654
1
 0
1658
1
 0
1659
1
 0
1660
1
 0
1661
1
 0
1662
1
 0
1663
3
 0
 0
 0
1664
2
 0
 0
1665
2
 0
 0
1666
2
 0
 0
1668
1
 0
1669
2
 0
 0
1670
3
 0
 0
 0
1671
2
 0
 0
1672
2
 0
 0
1673
1
 0
1674
1
 0
1675
2
 0
 0
1676
1
 0
1677
3
 0
 0
 0
1678
2
 0
 0
1679
1
 0
1680
3
 0
 0
 0
1681
1
 0
1682
1
 0
1683
1
 0
1685
1
 0
1686
1
 0
1687
1
 0
1688
2
 0
 0
1689
1
 0
1690
2
 0
 0
1693
1
 0
1694
1
 0
1695
2
 0
 0
1696
1
 0
1697
3
 0
 0
 0
1698
2
 0
 0
1699
2
 0
 0
1700
3
 0
 0
 0
1701
1
 0
1702
1
 0
1703
1
 0
1704
2
 0
 0
1705
2
 0
 0
1706
2
 0
 0
1707
2
 0
 0
1708
2
 0
 0
1709
1
 0
1711
1
 0
1712
3
 0
 0
 0
1713
3
 0
 0
 0
1714
2
 0
 0
1715
2
 0
 0
1716
1
 0
1717
2
 0
 0
1718
2
 0
 0
1719
1
 0
1721
2
 0
 0
1722
1
 0
1726
1
 0
1727
1
 0
1728
1
 0
1729
1
 0
1731
1
 0
1732
1
 0
1734
1
 0
1735
1
 0
1736
1
 0
1737
1
 0
1738
1
 0
1739
1
 0
1740
2
 0
 0
1742
1
 0
1744
1
 0
1746
1
 0
1749
1
 0
1751
1
 0
1752
2
 0
 0
1753
1
 0
1754
1
 0
1755
1
 0
1756
1
 0
1757
2
 0
 0
1759
1
 0
1760
2
 0
 0
1761
2
 0
 0
1762
1
 0
1763
1
 0
1764
1
 0
1767
1
 0
1769
1
 0
1770
1
 0
1771
2
 0
 0
1772
2
 0
 0
1773
2
 0
 0
1776
1
 0
1777
1
 0
1778
3
 0
 0
 0
1779
3
 0
 0
 0
1780
2
 0
 0
1781
2
 0
 0
1782
1
 0
1783
1
 0
1784
2
 0
 0
1785
1
 0
1786
1
 0
1787
1
 0
1788
2
 0
 0
1789
3
 0
 0
 0
1790
2
 0
 0
1791
3
 0
 0
 0
1792
1
 0
1793
1
 0
1795
1
 0
1796
1
 0
1797
1
 0
1799
1
 0
1800
1
 0
1801
1
 0
1802
2
 0
 0
1803
1
 0
1805
1
 0
1807
1
 0
1808
1
 0
1809
1
 0
1810
1
 0
1811
2
 0
 0
1812
1
 0
1813
1
 0
1814
2
 0
 0
1816
1
 0
1817
1
 0
1818
1
 0
1820
1
 0
1821
1
 0
1822
1
 0
1823
2
 0
 0
1824
2
 0
 0
1825
2
 0
 0
1826
2
 0
 0
1827
1
 0
1828
1
 0
1829
2
 0
 0
1830
1
 0
1831
2
 0
 0
1835
2
 0
 0
1836
2
 0
 0
1837
2
 0
 0
1838
2
 0
 0
1840
1
 0
1841
1
 0
1843
1
 0
1844
2
 0
 0
1845
2
 0
 0
1847
1
 0
1848
1
 0
1849
1
 0
1850
1
 0
1851
2
 0
 0
1852
2
 0
 0
1853
1
 0
1854
1
 0
1855
2
 0
 0
1856
2
 0
 0
1857
1
 0
1858
1
 0
1859
1
 0
1860
1
 0
1861
2
 0
 0
1862
3
 0
 0
 0
1863
1
 0
1864
1
 0
1865
1
 0
1866
1
 0
1867
1
 0
1868
1
 0
1869
1
 0
1870
1
 0
1871
3
 0
 0
 0
1872
2
 0
 0
1873
1
 0
1876
2
 0
 0
1877
1
 0
1879
1
 0
1880
1
 0
1881
2
 0
 0
1882
1
 0
1883
1
 0
1884
1
 0
1885
2
 0
 0
1886
2
 0
 0
1887
2
 0
 0
1888
2
 0
 0
1891
2
 0
 0
1894
1
 0
1895
2
 0
 0
1896
2
 0
 0
1897
2
 0
 0
1898
1
 0
1899
3
 0
 0
 0
1900
1
 0
1903
1
 0
1904
1
 0
1905
1
 0
1906
1
 0
1907
1
 0
1908
1
 0
1909
2
 0
 0
1910
2
 0
 0
1911
1
 0
1912
1
 0
1913
1
 0
1914
1
 0
1915
1
 0
1917
1
 0
1918
1
 0
1919
2
 0
 0
1920
1
 0
1923
1
 0
1925
2
 0
 0
1926
1
 0
1927
1
 0
1928
1
 0
1929
2
 0
 0
1930
2
 0
 0
1931
2
 0
 0
1932
2
 0
 0
1933
2
 0
 0
1934
1
 0
1935
1
 0
1936
2
 0
 0
1937
2
 0
 0
1938
1
 0
1939
1
 0
1940
2
 0
 0
1942
1
 0
1944
1
 0
1945
1
 0
1946
2
 0
 0
1947
2
 0
 0
1949
1
 0
1950
1
 0
1951
1
 0
1956
1
 0
1957
1
 0
1958
1
 0
1959
1
 0
1960
1
 0
1961
2
 0
 0
1962
1
 0
1963
1
 0
1966
1
 0
1967
2
 0
 0
1968
1
 0
1969
1
 0
1970
1
 0
1971
1
 0
1975
1
 0
1976
1
 0
1979
1
 0
1980
2
 0
 0
1981
4
 0
 0
 0
 0
1982
1
 0
1983
1
 0
1984
1
 0
1985
2
 0
 0
1986
3
 0
 0
 0
1987
2
 0
 0
1988
2
 0
 0
1989
2
 0
 0
1990
2
 0
 0
1991
3
 0
 0
 0
1992
2
 0
 0
1993
2
 0
 0
1994
1
 0
1995
1
 0
1996
3
 0
 0
 0
1997
1
 0
1998
1
 0
2000
1
 0
2001
3
 0
 0
 0
2002
2
 0
 0
2003
2
 0
 0
2004
3
 0
 0
 0
2005
1
 0
2006
1
 0
2007
1
 0
2008
1
 0
2009
1
 0
2010
1
 0
2011
1
 0
2015
1
 0
2016
2
 0
 0
2017
2
 0
 0
2018
1
 0
2019
1
 0
2020
1
 0
2021
2
 0
 0
2022
1
 0
2023
1
 0
2024
1
 0
2025
1
 0
2029
2
 0
 0
2030
2
 0
 0
2031
4
 0
 0
 0
 0
2032
2
 0
 0
2033
2
 0
 0
2034
1
 0
2035
1
 0
2036
4
 0
 0
 0
 0
2037
2
 0
 0
2038
2
 0
 0
2039
2
 0
 0
2040
1
 0
2041
3
 0
 0
 0
2042
2
 0
 0
2043
2
 0
 0
2044
1
 0
2045
1
 0
2046
4
 0
 0
 0
 0
2047
2
 0
 0
2048
2
 0
 0
2049
2
 0
 0
2050
2
 0
 0
2051
4
 0
 0
 0
 0
2052
1
 0
2053
1
 0
2054
1
 0
2055
1
 0
2056
2
 0
 0
2059
1
 0
2060
1
 0
2061
1
 0
2062
1
 0
2063
2
 0
 0
2064
2
 0
 0
2065
1
 0
2066
1
 0
2069
1
 0
2070
1
 0
2071
3
 0
 0
 0
2072
1
 0
2073
1
 0
2075
1
 0
2076
3
 0
 0
 0
2077
2
 0
 0
2078
1
 0
2079
2
 0
 0
2080
1
 0
2081
2
 0
 0
2082
1
 0
2083
1
 0
2085
2
 0
 0
2086
1
 0
2088
1
 0
2089
1
 0
2090
2
 0
 0
2091
1
 0
2092
1
 0
2093
2
 0
 0
2094
2
 0
 0
2095
2
 0
 0
2097
1
 0
2098
2
 0
 0
2099
2
 0
 0
2100
1
 0
2102
1
 0
2103
2
 0
 0
2105
2
 0
 0
2106
1
 0
2107
1
 0
2108
2
 0
 0
2109
2
 0
 0
2110
2
 0
 0
2111
4
 0
 0
 0
 0
2112
3
 0
 0
 0
2113
1
 0
2114
2
 0
 0
2115
2
 0
 0
2116
1
 0
2117
1
 0
2118
1
 0
2119
2
 0
 0
2120
1
 0
2121
1
 0
2122
2
 0
 0
2123
1
 0
2125
2
 0
 0
2126
1
 0
2127
1
 0
2128
1
 0
2130
1
 0
2131
2
 0
 0
2132
2
 0
 0
2133
1
 0
2134
2
 0
 0
2135
1
 0
2136
2
 0
 0
2137
2
 0
 0
2138
1
 0
2140
1
 0
2141
2
 0
 0
2142
1
 0
2143
1
 0
2144
1
 0
2145
3
 0
 0
 0
2146
1
 0
2147
1
 0
2148
2
 0
 0
2149
1
 0
2151
1
 0
2152
2
 0
 0
2153
1
 0
2155
1
 0
2156
3
 0
 0
 0
2157
2
 0
 0
2158
1
 0
2160
1
 0
2161
1
 0
2162
2
 0
 0
2164
1
 0
2165
1
 0
2166
1
 0
2167
1
 0
2168
2
 0
 0
2169
1
 0
2170
1
 0
2171
1
 0
2172
1
 0
2173
2
 0
 0
2174
2
 0
 0
2175
1
 0
2176
1
 0
2177
2
 0
 0
2179
3
 0
 0
 0
2180
1
 0
2181
2
 0
 0
2182
2
 0
 0
2183
2
 0
 0
2184
2
 0
 0
2186
1
 0
2187
1
 0
2188
1
 0
2190
1
 0
2191
1
 0
2192
3
 0
 0
 0
2193
2
 0
 0
2194
2
 0
 0
2195
1
 0
2196
1
 0
2197
4
 0
 0
 0
 0
2198
2
 0
 0
2199
2
 0
 0
2200
1
 0
2201
2
 0
 0
2202
2
 0
 0
2203
2
 0
 0
2204
1
 0
2205
2
 0
 0
2206
2
 0
 0
2207
3
 0
 0
 0
2208
2
 0
 0
2210
1
 0
2211
1
 0
2212
1
 0
2213
2
 0
 0
2214
1
 0
2215
2
 0
 0
2216
1
 0
2217
2
 0
 0
2218
1
 0
2220
1
 0
2221
3
 0
 0
 0
2222
2
 0
 0
2223
2
 0
 0
2224
2
 0
 0
2225
3
 0
 0
 0
2226
2
 0
 0
2227
2
 0
 0
2228
2
 0
 0
2229
2
 0
 0
2230
1
 0
2231
1
 0
2232
3
 0
 0
 0
2233
1
 0
2234
1
 0
2236
1
 0
2237
2
 0
 0
2238
2
 0
 0
2239
1
 0
2240
2
 0
 0
2241
2
 0
 0
2242
1
 0
2243
1
 0
2245
2
 0
 0
2246
1
 0
2247
1
 0
2251
2
 0
 0
2252
1
 0
2253
1
 0
2254
2
 0
 0
2255
3
 0
 0
 0
2256
2
 0
 0
2257
3
 0
 0
 0
2258
1
 0
2259
2
 0
 0
2260
2
 0
 0
2263
1
 0
2264
1
 0
2265
2
 0
 0
2266
3
 0
 0
 0
2267
2
 0
 0
2268
2
 0
 0
2269
2
 0
 0
2271
1
 0
2273
2
 0
 0
2274
1
 0
2275
2
 0
 0
2276
1
 0
2277
2
 0
 0
2279
2
 0
 0
2280
1
 0
2281
1
 0
2283
1
 0
2284
1
 0
2285
1
 0
2287
1
 0
2288
1
 0
2289
2
 0
 0
2290
1
 0
2291
1
 0
2292
1
 0
2293
1
 0
2295
1
 0
2296
2
 0
 0
2297
2
 0
 0
2298
2
 0
 0
2299
1
 0
2300
1
 0
2301
2
 0
 0
2302
2
 0
 0
2303
2
 0
 0
2304
1
 0
2306
1
 0
2307
1
 0
2308
2
 0
 0
2309
1
 0
2310
2
 0
 0
2311
1
 0
2312
2
 0
 0
2313
1
 0
2314
3
 0
 0
 0
2315
3
 0
 0
 0
2316
2
 0
 0
2317
2
 0
 0
2318
2
 0
 0
2323
3
 0
 0
 0
2324
1
 0
2325
1
 0
2327
2
 0
 0
2328
1
 0
2329
2
 0
 0
2331
1
 0
2332
1
 0
2333
1
 0
2335
1
 0
2336
2
 0
 0
2337
2
 0
 0
2338
3
 0
 0
 0
2339
2
 0
 0
2340
3
 0
 0
 0
2341
2
 0
 0
2343
1
 0
2344
1
 0
2345
2
 0
 0
2346
2
 0
 0
2347
2
 0
 0
2348
2
 0
 0
2349
2
 0
 0
2350
2
 0
 0
2351
3
 0
 0
 0
2352
1
 0
2353
2
 0
 0
2354
1
 0
2355
1
 0
2356
2
 0
 0
2357
2
 0
 0
2358
3
 0
 0
 0
2359
1
 0
2360
2
 0
 0
2361
3
 0
 0
 0
2363
1
 0
2364
1
 0
2365
3
 0
 0
 0
2366
3
 0
 0
 0
2367
2
 0
 0
2368
1
 0
2369
1
 0
2371
1
 0
2372
2
 0
 0
2373
1
 0
2374
1
 0
2375
1
 0
2376
2
 0
 0
2377
2
 0
 0
2378
1
 0
2379
1
 0
2380
1
 0
2381
3
 0
 0
 0
2382
2
 0
 0
2383
2
 0
 0
2384
1
 0
2385
2
 0
 0
2386
4
 0
 0
 0
 0
2387
1
 0
2388
2
 0
 0
2389
1
 0
2390
1
 0
2391
2
 0
 0
2392
2
 0
 0
2393
1
 0
2394
2
 0
 0
2395
2
 0
 0
2396
2
 0
 0
2397
1
 0
2398
2
 0
 0
2399
2
 0
 0
2400
1
 0
2401
1
 0
2402
1
 0
2403
1
 0
2404
1
 0
2405
1
 0
2406
3
 0
 0
 0
2407
1
 0
2408
2
 0
 0
2409
2
 0
 0
2410
2
 0
 0
2411
1
 0
2414
1
 0
2415
1
 0
2416
1
 0
2417
1
 0
2418
1
 0
2419
2
 0
 0
2420
2
 0
 0
2421
3
 0
 0
 0
2422
1
 0
2423
1
 0
2424
1
 0
2425
1
 0
2426
2
 0
 0
2427
3
 0
 0
 0
2428
1
 0
2429
2
 0
 0
2431
1
 0
2434
1
 0
2435
1
 0
2436
3
 0
 0
 0
2437
2
 0
 0
2438
1
 0
2439
1
 0
2440
1
 0
2441
3
 0
 0
 0
2443
2
 0
 0
2444
2
 0
 0
2445
2
 0
 0
2446
4
 0
 0
 0
 0
2447
1
 0
2448
1
 0
2449
2
 0
 0
2450
2
 0
 0
2451
3
 0
 0
 0
2452
1
 0
2455
1
 0
2456
3
 0
 0
 0
2457
2
 0
 0
2458
2
 0
 0
2459
2
 0
 0
2460
2
 0
 0
2461
3
 0
 0
 0
2462
2
 0
 0
2463
2
 0
 0
2464
1
 0
2465
1
 0
2466
2
 0
 0
2467
1
 0
2469
1
 0
2470
1
 0
2471
3
 0
 0
 0
2474
1
 0
2475
1
 0
2476
2
 0
 0
2477
1
 0
2478
1
 0
2479
1
 0
2480
1
 0
2481
3
 0
 0
 0
2482
2
 0
 0
2484
1
 0
2485
1
 0
2486
1
 0
2487
2
 0
 0
2488
2
 0
 0
2489
1
 0
2490
1
 0
2491
1
 0
2492
3
 0
 0
 0
2493
1
 0
2494
1
 0
2495
1
 0
2496
1
 0
2497
2
 0
 0
2498
2
 0
 0
2499
1
 0
2500
1
 0
2501
1
 0
2502
2
 0
 0
2503
2
 0
 0
2504
3
 0
 0
 0
2505
2
 0
 0
2506
2
 0
 0
2508
1
 0
2510
1
 0
2511
2
 0
 0
2512
2
 0
 0
2513
1
 0
2514
1
 0
2515
1
 0
2516
2
 0
 0
2519
2
 0
 0
2520
1
 0
2521
1
 0
2522
2
 0
 0
2523
3
 0
 0
 0
2524
2
 0
 0
2525
1
 0
2526
1
 0
2529
1
 0
2530
2
 0
 0
2531
3
 0
 0
 0
2532
2
 0
 0
2533
2
 0
 0
2535
1
 0
2536
2
 0
 0
2537
1
 0
2538
2
 0
 0
2539
2
 0
 0
2540
1
 0
2541
1
 0
2542
2
 0
 0
2543
2
 0
 0
2545
2
 0
 0
2546
1
 0
2547
1
 0
2548
1
 0
2549
2
 0
 0
2550
1
 0
2551
2
 0
 0
2552
1
 0
2553
1
 0
2554
2
 0
 0
2555
1
 0
2556
2
 0
 0
2557
1
 0
2558
1
 0
2559
1
 0
2560
2
 0
 0
2562
1
 0
2563
1
 0
2564
2
 0
 0
2565
1
 0
2566
2
 0
 0
2567
1
 0
2570
1
 0
2572
1
 0
2573
1
 0
2574
1
 0
2575
1
 0
2576
1
 0
2577
1
 0
2578
2
 0
 0
2579
2
 0
 0
2580
1
 0
2581
1
 0
2582
2
 0
 0
2583
1
 0
2584
1
 0
2585
2
 0
 0
2586
2
 0
 0
2587
1
 0
2588
1
 0
2589
1
 0
2590
1
 0
2593
1
 0
2594
3
 0
 0
 0
2595
1
 0
2596
2
 0
 0
2597
1
 0
2598
1
 0
2600
1
 0
2601
2
 0
 0
2602
1
 0
2603
1
 0
2604
2
 0
 0
2605
2
 0
 0
2606
1
 0
2607
1
 0
2609
1
 0
2613
2
 0
 0
2614
1
 0
2615
2
 0
 0
2616
2
 0
 0
2617
1
 0
2619
1
 0
2620
2
 0
 0
2621
1
 0
2622
1
 0
2623
1
 0
2625
1
 0
2627
1
 0
2628
1
 0
2629
1
 0
2630
1
 0
2631
2
 0
 0
2632
1
 0
2633
1
 0
2634
3
 0
 0
 0
2635
1
 0
2636
1
 0
2637
1
 0
2638
2
 0
 0
2639
2
 0
 0
2640
2
 0
 0
2644
1
 0
2645
1
 0
2646
1
 0
2647
2
 0
 0
2648
1
 0
2649
3
 0
 0
 0
2650
2
 0
 0
2651
1
 0
2652
1
 0
2653
2
 0
 0
2654
2
 0
 0
2655
2
 0
 0
2656
1
 0
2657
1
 0
2658
1
 0
2659
1
 0
2660
1
 0
2661
1
 0
2662
2
 0
 0
2663
1
 0
2667
2
 0
 0
2668
4
 0
 0
 0
 0
2669
1
 0
2670
3
 0
 0
 0
2671
2
 0
 0
2672
1
 0
2674
2
 0
 0
2675
4
 0
 0
 0
 0
2676
2
 0
 0
2677
1
 0
2678
1
 0
2679
2
 0
 0
2680
1
 0
2683
1
 0
2684
1
 0
2685
1
 0
2686
1
 0
2687
2
 0
 0
2690
1
 0
2691
1
 0
2693
1
 0
2694
3
 0
 0
 0
2695
2
 0
 0
2696
1
 0
2697
1
 0
2698
1
 0
2699
1
 0
2701
2
 0
 0
2702
1
 0
2703
1
 0
2704
2
 0
 0
2705
2
 0
 0
2708
1
 0
2709
1
 0
2710
1
 0
2711
1
 0
2712
1
 0
2713
1
 0
2714
1
 0
2717
1
 0
2718
2
 0
 0
2719
2
 0
 0
2720
1
 0
2721
1
 0
2722
1
 0
2723
2
 0
 0
2724
1
 0
2725
1
 0
2726
3
 0
 0
 0
2727
1
 0
2728
2
 0
 0
2729
1
 0
2730
1
 0
2731
3
 0
 0
 0
2732
2
 0
 0
2733
1
 0
2734
1
 0
2735
2
 0
 0
2736
2
 0
 0
2737
2
 0
 0
2741
3
 0
 0
 0
2742
2
 0
 0
2743
2
 0
 0
2745
3
 0
 0
 0
2746
2
 0
 0
2747
1
 0
2748
2
 0
 0
2749
1
 0
2750
1
 0
2751
1
 0
2753
1
 0
2754
1
 0
2755
1
 0
2756
1
 0
2757
1
 0
2758
1
 0
2759
2
 0
 0
2760
1
 0
2761
1
 0
2762
1
 0
2764
1
 0
2765
2
 0
 0
2766
1
 0
2767
2
 0
 0
2768
2
 0
 0
2769
1
 0
2770
1
 0
2772
1
 0
2774
1
 0
2775
1
 0
2776
1
 0
2778
2
 0
 0
2779
1
 0
2782
1
 0
2783
1
 0
2784
2
 0
 0
2787
1
 0
2788
1
 0
2789
1
 0
2791
1
 0
2792
2
 0
 0
2793
2
 0
 0
2794
2
 0
 0
2795
1
 0
2796
1
 0
2797
1
 0
2798
1
 0
2799
2
 0
 0
2800
3
 0
 0
 0
2801
1
 0
2802
2
 0
 0
2803
2
 0
 0
2804
3
 0
 0
 0
2805
2
 0
 0
2806
2
 0
 0
2807
1
 0
2808
1
 0
2809
2
 0
 0
2810
2
 0
 0
2811
1
 0
2814
2
 0
 0
2815
1
 0
2816
1
 0
2817
1
 0
2818
1
 0
2819
2
 0
 0
2821
1
 0
2822
2
 0
 0
2823
3
 0
 0
 0
2824
2
 0
 0
2826
1
 0
2827
1
 0
2828
1
 0
2829
1
 0
2831
2
 0
 0
2832
2
 0
 0
2833
2
 0
 0
2834
2
 0
 0
2835
1
 0
2839
2
 0
 0
2841
2
 0
 0
2842
1
 0
2843
2
 0
 0
2844
2
 0
 0
2845
1
 0
2846
1
 0
2847
3
 0
 0
 0
2848
2
 0
 0
2849
4
 0
 0
 0
 0
2850
2
 0
 0
2851
2
 0
 0
2852
1
 0
2853
1
 0
2854
2
 0
 0
2855
2
 0
 0
2856
1
 0
2857
1
 0
2858
1
 0
2859
2
 0
 0
2861
1
 0
2862
1
 0
2863
1
 0
2864
1
 0
2865
2
 0
 0
2866
2
 0
 0
2867
2
 0
 0
2868
2
 0
 0
2869
3
 0
 0
 0
2874
2
 0
 0
2875
2
 0
 0
2876
2
 0
 0
2877
1
 0
2878
2
 0
 0
2879
3
 0
 0
 0
2880
2
 0
 0
2881
3
 0
 0
 0
2882
1
 0
2883
2
 0
 0
2884
2
 0
 0
2887
1
 0
2888
1
 0
2889
2
 0
 0
2890
3
 0
 0
 0
2891
2
 0
 0
2892
2
 0
 0
2893
1
 0
2894
1
 0
2895
1
 0
2896
1
 0
2897
3
 0
 0
 0
2898
2
 0
 0
2899
2
 0
 0
2900
2
 0
 0
2902
2
 0
 0
2905
1
 0
2906
1
 0
2908
1
 0
2909
2
 0
 0
2910
2
 0
 0
2911
1
 0
2912
1
 0
2913
1
 0
2914
2
 0
 0
2915
1
 0
2916
1
 0
2917
1
 0
2920
1
 0
2921
1
 0
2922
3
 0
 0
 0
2923
1
 0
2924
1
 0
2925
2
 0
 0
2926
2
 0
 0
2927
1
 0
2928
1
 0
2930
1
 0
2931
2
 0
 0
2932
1
 0
2933
2
 0
 0
2935
1
 0
2936
1
 0
2937
2
 0
 0
2938
1
 0
2939
3
 0
 0
 0
2940
2
 0
 0
2941
3
 0
 0
 0
2942
1
 0
2944
1
 0
2945
1
 0
2946
1
 0
2948
1
 0
2949
2
 0
 0
2951
1
 0
2952
1
 0
2954
1
 0
2955
2
 0
 0
2956
1
 0
2958
1
 0
2959
1
 0
2960
3
 0
 0
 0
2961
2
 0
 0
2962
2
 0
 0
2963
1
 0
2964
1
 0
2965
2
 0
 0
2966
2
 0
 0
2967
1
 0
2968
1
 0
2969
2
 0
 0
2970
1
 0
2971
2
 0
 0
2974
2
 0
 0
2975
2
 0
 0
2977
1
 0
2980
2
 0
 0
2981
3
 0
 0
 0
2982
2
 0
 0
2983
1
 0
2984
3
 0
 0
 0
2985
1
 0
2986
1
 0
2987
2
 0
 0
2988
2
 0
 0
2989
1
 0
2990
1
 0
2991
1
 0
2992
2
 0
 0
2993
1
 0
2994
2
 0
 0
2995
1
 0
2996
2
 0
 0
2998
1
 0
3002
2
 0
 0
3003
2
 0
 0
3005
2
 0
 0
3006
2
 0
 0
3007
2
 0
 0
3008
1
 0
3009
2
 0
 0
3010
1
 0
3011
1
 0
3014
1
 0
3016
1
 0
3017
1
 0
3018
1
 0
3020
1
 0
3021
1
 0
3023
2
 0
 0
3024
2
 0
 0
3025
1
 0
3026
1
 0
3027
1
 0
3028
1
 0
3032
1
 0
3033
1
 0
3034
1
 0
3035
1
 0
3036
2
 0
 0
3037
2
 0
 0
3038
1
 0
3039
2
 0
 0
3040
2
 0
 0
3041
1
 0
3042
1
 0
3043
1
 0
3046
2
 0
 0
3047
3
 0
 0
 0
3048
1
 0
3049
2
 0
 0
3052
2
 0
 0
3053
1
 0
3054
1
 0
3056
1
 0
3057
1
 0
3059
2
 0
 0
3060
1
 0
3061
1
 0
3063
1
 0
3064
1
 0
3065
1
 0
3066
2
 0
 0
3067
1
 0
3068
1
 0
3069
1
 0
3070
1
 0
3071
1
 0
3072
2
 0
 0
3073
2
 0
 0
3074
2
 0
 0
3075
1
 0
3077
1
 0
3078
2
 0
 0
3080
1
 0
3081
1
 0
3082
2
 0
 0
3083
1
 0
3084
1
 0
3085
1
 0
3086
2
 0
 0
3088
2
 0
 0
3089
3
 0
 0
 0
3090
2
 0
 0
3092
1
 0
3093
2
 0
 0
3094
1
 0
3095
2
 0
 0
3096
1
 0
3097
2
 0
 0
3099
1
 0
3100
1
 0
3101
1
 0
3104
2
 0
 0
3105
2
 0
 0
3106
1
 0
3107
1
 0
3108
1
 0
3109
1
 0
3110
2
 0
 0
3111
2
 0
 0
3112
2
 0
 0
3113
2
 0
 0
3114
2
 0
 0
3115
2
 0
 0
3116
3
 0
 0
 0
3117
1
 0
3118
1
 0
3119
3
 0
 0
 0
3120
1
 0
3121
1
 0
3122
1
 0
3123
1
 0
3124
2
 0
 0
3126
1
 0
3127
1
 0
3128
1
 0
3129
2
 0
 0
3130
1
 0
3131
2
 0
 0
3133
2
 0
 0
3134
2
 0
 0
3135
1
 0
3136
2
 0
 0
3137
1
 0
3138
1
 0
3139
2
 0
 0
3141
1
 0
3142
1
 0
3143
2
 0
 0
3144
2
 0
 0
3145
1
 0
3146
1
 0
3147
1
 0
3149
1
 0
3150
2
 0
 0
3151
1
 0
3152
1
 0
3154
2
 0
 0
3155
1
 0
3156
1
 0
3158
2
 0
 0
3160
2
 0
 0
3161
1
 0
3162
1
 0
3163
2
 0
 0
3164
2
 0
 0
3165
3
 0
 0
 0
3166
1
 0
3167
1
 0
3168
2
 0
 0
3169
2
 0
 0
3170
1
 0
3171
1
 0
3172
1
 0
3173
1
 0
3174
2
 0
 0
3175
1
 0
3176
3
 0
 0
 0
3179
1
 0
3180
1
 0
3182
2
 0
 0
3183
2
 0
 0
3184
2
 0
 0
3185
2
 0
 0
3186
2
 0
 0
3187
2
 0
 0
3188
1
 0
3189
1
 0
3190
1
 0
3191
1
 0
3192
1
 0
3193
1
 0
3194
2
 0
 0
3195
2
 0
 0
3199
2
 0
 0
3200
2
 0
 0
3201
2
 0
 0
3202
2
 0
 0
3203
1
 0
3204
2
 0
 0
3209
1
 0
3211
1
 0
3212
1
 0
3213
1
 0
3214
3
 0
 0
 0
3215
1
 0
3216
1
 0
3217
1
 0
3218
1
 0
3219
3
 0
 0
 0
3220
2
 0
 0
3221
3
 0
 0
 0
3222
2
 0
 0
3223
2
 0
 0
3224
3
 0
 0
 0
3225
1
 0
3226
2
 0
 0
3227
1
 0
3228
1
 0
3229
3
 0
 0
 0
3230
2
 0
 0
3231
2
 0
 0
3232
1
 0
3233
1
 0
3234
1
 0
3235
1
 0
3236
1
 0
3237
1
 0
3238
1
 0
3239
2
 0
 0
3248
1
 0
3249
1
 0
3250
2
 0
 0
3251
3
 0
 0
 0
3252
2
 0
 0
3253
2
 0
 0
3254
3
 0
 0
 0
3255
2
 0
 0
3256
1
 0
3257
1
 0
3258
3
 0
 0
 0
3259
2
 0
 0
3260
1
 0
3261
1
 0
3262
2
 0
 0
3263
1
 0
3264
3
 0
 0
 0
3265
3
 0
 0
 0
3266
2
 0
 0
3267
3
 0
 0
 0
3268
2
 0
 0
3269
2
 0
 0
3270
2
 0
 0
3271
1
 0
3272
2
 0
 0
3273
2
 0
 0
3274
2
 0
 0
3275
1
 0
3276
1
 0
3277
1
 0
3278
2
 0
 0
3279
3
 0
 0
 0
3280
3
 0
 0
 0
3281
2
 0
 0
3282
1
 0
3283
2
 0
 0
3284
3
 0
 0
 0
3285
2
 0
 0
3286
2
 0
 0
3287
1
 0
3288
3
 0
 0
 0
3289
2
 0
 0
3290
1
 0
3292
2
 0
 0
3293
2
 0
 0
3294
3
 0
 0
 0
3295
2
 0
 0
3296
2
 0
 0
3297
2
 0
 0
3298
3
 0
 0
 0
3299
2
 0
 0
3300
1
 0
3301
2
 0
 0
3302
3
 0
 0
 0
3303
3
 0
 0
 0
3304
3
 0
 0
 0
3305
2
 0
 0
3306
2
 0
 0
3308
1
 0
3309
3
 0
 0
 0
3310
1
 0
3312
1
 0
3315
1
 0
3316
1
 0
3317
1
 0
3319
2
 0
 0
3320
3
 0
 0
 0
3321
1
 0
3322
1
 0
3323
1
 0
3324
2
 0
 0
3325
1
 0
3327
1
 0
3328
2
 0
 0
3329
2
 0
 0
3331
1
 0
3332
1
 0
3333
1
 0
3334
2
 0
 0
3335
1
 0
3336
2
 0
 0
3337
2
 0
 0
3338
1
 0
3339
2
 0
 0
3340
1
 0
3341
1
 0
3347
1
 0
3348
2
 0
 0
3349
2
 0
 0
3350
1
 0
3351
3
 0
 0
 0
3352
2
 0
 0
3353
3
 0
 0
 0
3354
1
 0
3355
1
 0
3356
1
 0
3358
1
 0
3360
2
 0
 0
3361
3
 0
 0
 0
3362
1
 0
3365
2
 0
 0
3366
3
 0
 0
 0
3368
1
 0
3369
2
 0
 0
3370
2
 0
 0
3371
1
 0
3372
2
 0
 0
3373
1
 0
3374
2
 0
 0
3375
1
 0
3376
1
 0
3377
1
 0
3378
2
 0
 0
3379
1
 0
3380
1
 0
3381
2
 0
 0
3382
1
 0
3383
1
 0
3384
2
 0
 0
3386
1
 0
3387
1
 0
3388
1
 0
3389
1
 0
3391
1
 0
3392
1
 0
3393
1
 0
3394
2
 0
 0
3398
1
 0
3400
2
 0
 0
3401
2
 0
 0
3402
2
 0
 0
3403
2
 0
 0
3404
1
 0
3405
1
 0
3406
1
 0
3407
1
 0
3408
2
 0
 0
3409
1
 0
3410
2
 0
 0
3411
1
 0
3412
1
 0
3413
1
 0
3414
2
 0
 0
3415
1
 0
3417
1
 0
3421
3
 0
 0
 0
3422
2
 0
 0
3423
2
 0
 0
3424
1
 0
3425
2
 0
 0
3426
2
 0
 0
3427
2
 0
 0
3428
1
 0
3430
1
 0
3431
1
 0
3432
1
 0
3433
1
 0
3434
2
 0
 0
3435
2
 0
 0
3440
2
 0
 0
3441
1
 0
3442
1
 0
3443
4
 0
 0
 0
 0
3444
2
 0
 0
3445
2
 0
 0
3446
1
 0
3448
2
 0
 0
3449
3
 0
 0
 0
3450
1
 0
3451
2
 0
 0
3452
2
 0
 0
3453
1
 0
3455
1
 0
3456
2
 0
 0
3458
3
 0
 0
 0
3459
1
 0
3462
1
 0
3463
2
 0
 0
3464
2
 0
 0
3466
1
 0
3467
2
 0
 0
3468
3
 0
 0
 0
3469
1
 0
3470
1
 0
3471
1
 0
3472
3
 0
 0
 0
3473
2
 0
 0
3474
2
 0
 0
3476
1
 0
3477
1
 0
3478
1
 0
3479
1
 0
3481
1
 0
3482
1
 0
3483
1
 0
3484
1
 0
3487
1
 0
3488
1
 0
3489
1
 0
3491
1
 0
3495
2
 0
 0
3496
1
 0
3497
3
 0
 0
 0
3498
2
 0
 0
3499
1
 0
3500
2
 0
 0
3501
1
 0
3502
2
 0
 0
3504
1
 0
3507
1
 0
3508
1
 0
3509
3
 0
 0
 0
3510
1
 0
3511
1
 0
3514
2
 0
 0
3515
1
 0
3516
1
 0
3517
1
 0
3519
2
 0
 0
3520
1
 0
3521
2
 0
 0
3522
1
 0
3523
1
 0
3524
1
 0
3525
2
 0
 0
3526
1
 0
3527
1
 0
3528
2
 0
 0
3529
1
 0
3530
2
 0
 0
3532
2
 0
 0
3533
2
 0
 0
3537
1
 0
3538
2
 0
 0
3539
1
 0
3540
2
 0
 0
3541
2
 0
 0
3542
1
 0
3544
1
 0
3545
1
 0
3546
1
 0
3548
1
 0
3549
1
 0
3550
1
 0
3552
1
 0
3553
2
 0
 0
3555
2
 0
 0
3556
1
 0
3557
1
 0
3558
1
 0
3559
1
 0
3560
1
 0
3561
2
 0
 0
3562
1
 0
3563
1
 0
3569
2
 0
 0
3570
1
 0
3571
2
 0
 0
3572
2
 0
 0
3573
1
 0
3574
1
 0
3576
2
 0
 0
3578
1
 0
3581
1
 0
3582
2
 0
 0
3583
2
 0
 0
3584
1
 0
3585
1
 0
3586
1
 0
3588
1
 0
3591
1
 0
3593
2
 0
 0
3595
2
 0
 0
3596
2
 0
 0
3597
1
 0
3598
1
 0
3599
3
 0
 0
 0
3600
1
 0
3601
1
 0
3602
1
 0
3604
1
 0
3605
1
 0
3606
1
 0
3607
2
 0
 0
3612
3
 0
 0
 0
3613
1
 0
3614
1
 0
3615
1
 0
3616
1
 0
3617
2
 0
 0
3618
1
 0
3619
1
 0
3620
1
 0
3621
1
 0
3622
3
 0
 0
 0
3623
2
 0
 0
3624
2
 0
 0
3625
2
 0
 0
3626
2
 0
 0
3627
2
 0
 0
3628
1
 0
3629
1
 0
3630
1
 0
3631
1
 0
3632
1
 0
3633
2
 0
 0
3634
1
 0
3635
1
 0
3637
3
 0
 0
 0
3638
2
 0
 0
3639
2
 0
 0
3640
1
 0
3641
1
 0
3642
2
 0
 0
3643
1
 0
3644
1
 0
3645
1
 0
3646
2
 0
 0
3647
3
 0
 0
 0
3648
1
 0
3649
1
 0
3650
1
 0
3651
1
 0
3652
2
 0
 0
3653
1
 0
3654
2
 0
 0
3655
1
 0
3656
2
 0
 0
3657
1
 0
3662
1
 0
3663
1
 0
3664
3
 0
 0
 0
3665
1
 0
3666
1
 0
3667
3
 0
 0
 0
3668
3
 0
 0
 0
3669
2
 0
 0
3670
2
 0
 0
3671
1
 0
3672
1
 0
3673
1
 0
3674
1
 0
3675
1
 0
3678
2
 0
 0
3679
2
 0
 0
3680
2
 0
 0
3681
2
 0
 0
3682
2
 0
 0
3683
1
 0
3684
2
 0
 0
3685
1
 0
3686
2
 0
 0
3687
3
 0
 0
 0
3688
2
 0
 0
3689
2
 0
 0
3690
2
 0
 0
3691
1
 0
3692
2
 0
 0
3693
3
 0
 0
 0
3694
2
 0
 0
3695
2
 0
 0
3696
2
 0
 0
3697
2
 0
 0
3698
2
 0
 0
3699
1
 0
3700
1
 0
3701
1
 0
3704
2
 0
 0
3705
1
 0
3706
2
 0
 0
3707
3
 0
 0
 0
3708
2
 0
 0
3709
2
 0
 0
3710
1
 0
3711
1
 0
3712
3
 0
 0
 0
3713
1
 0
3714
1
 0
3715
1
 0
3716
2
 0
 0
3717
2
 0
 0
3718
1
 0
3719
1
 0
3720
2
 0
 0
3721
2
 0
 0
3722
3
 0
 0
 0
3723
1
 0
3724
1
 0
3725
1
 0
3726
1
 0
3727
3
 0
 0
 0
3728
2
 0
 0
3729
2
 0
 0
3730
2
 0
 0
3731
3
 0
 0
 0
3732
2
 0
 0
3734
2
 0
 0
3735
1
 0
3736
1
 0
3737
1
 0
3738
1
 0
3739
1
 0
3740
2
 0
 0
3741
1
 0
3743
1
 0
3745
1
 0
3746
1
 0
3747
2
 0
 0
3748
1
 0
3749
2
 0
 0
3750
3
 0
 0
 0
3751
3
 0
 0
 0
3752
2
 0
 0
3753
1
 0
3754
1
 0
3756
1
 0
3758
1
 0
3760
1
 0
3761
2
 0
 0
3762
2
 0
 0
3763
1
 0
3764
1
 0
3765
2
 0
 0
3766
2
 0
 0
3767
2
 0
 0
3768
1
 0
3769
2
 0
 0
3770
2
 0
 0
3772
1
 0
3773
1
 0
3774
2
 0
 0
3779
1
 0
3780
1
 0
3781
2
 0
 0
3782
1
 0
3783
1
 0
3784
1
 0
3785
1
 0
3786
2
 0
 0
3787
1
 0
3788
2
 0
 0
3789
1
 0
3790
2
 0
 0
3791
1
 0
3793
1
 0
3794
1
 0
3795
2
 0
 0
3796
1
 0
3797
2
 0
 0
3798
3
 0
 0
 0
3799
2
 0
 0
3800
3
 0
 0
 0
3801
2
 0
 0
3803
1
 0
3804
2
 0
 0
3805
2
 0
 0
3806
3
 0
 0
 0
3807
1
 0
3810
1
 0
3811
2
 0
 0
3812
2
 0
 0
3813
2
 0
 0
3815
1
 0
3817
1
 0
3818
2
 0
 0
3819
1
 0
3820
1
 0
3821
1
 0
3822
1
 0
3823
3
 0
 0
 0
3824
2
 0
 0
3825
1
 0
3826
1
 0
3828
1
 0
3830
1
 0
3832
1
 0
3833
2
 0
 0
3835
1
 0
3836
2
 0
 0
3837
1
 0
3838
1
 0
3839
1
 0
3842
2
 0
 0
3843
1
 0
3844
1
 0
3845
1
 0
3846
2
 0
 0
3847
1
 0
3848
1
 0
3851
2
 0
 0
3852
2
 0
 0
3853
2
 0
 0
3854
1
 0
3855
1
 0
3856
1
 0
3858
1
 0
3859
2
 0
 0
3860
2
 0
 0
3861
1
 0
3862
3
 0
 0
 0
3863
1
 0
3864
1
 0
3865
2
 0
 0
3866
1
 0
3867
2
 0
 0
3868
1
 0
3870
3
 0
 0
 0
3871
2
 0
 0
3872
2
 0
 0
3875
1
 0
3876
2
 0
 0
3877
2
 0
 0
3878
1
 0
3879
1
 0
3883
3
 0
 0
 0
3884
3
 0
 0
 0
3886
1
 0
3887
2
 0
 0
3888
2
 0
 0
3889
2
 0
 0
3890
1
 0
3892
1
 0
3894
1
 0
3895
2
 0
 0
3896
2
 0
 0
3897
2
 0
 0
3898
1
 0
3900
1
 0
3902
1
 0
3904
2
 0
 0
3905
2
 0
 0
3907
2
 0
 0
3908
1
 0
3910
2
 0
 0
3911
3
 0
 0
 0
3912
2
 0
 0
3913
2
 0
 0
3914
2
 0
 0
3915
3
 0
 0
 0
3916
2
 0
 0
3917
2
 0
 0
3918
1
 0
3919
1
 0
3920
1
 0
3922
2
 0
 0
3923
2
 0
 0
3925
1
 0
3927
1
 0
3928
1
 0
3931
1
 0
3932
2
 0
 0
3933
2
 0
 0
3934
3
 0
 0
 0
3935
2
 0
 0
3938
1
 0
3939
2
 0
 0
3940
1
 0
3942
1
 0
3943
1
 0
3944
2
 0
 0
3946
1
 0
3947
2
 0
 0
3948
2
 0
 0
3949
3
 0
 0
 0
3950
1
 0
3951
2
 0
 0
3952
1
 0
3953
2
 0
 0
3954
2
 0
 0
3955
3
 0
 0
 0
3956
3
 0
 0
 0
3958
2
 0
 0
3959
1
 0
3960
2
 0
 0
3964
1
 0
3965
1
 0
3966
1
 0
3967
2
 0
 0
3969
2
 0
 0
3970
2
 0
 0
3971
1
 0
3974
1
 0
3976
2
 0
 0
3977
1
 0
3979
2
 0
 0
3980
2
 0
 0
3981
2
 0
 0
3982
2
 0
 0
3983
1
 0
3984
1
 0
3985
2
 0
 0
3987
2
 0
 0
3988
1
 0
3990
2
 0
 0
3991
2
 0
 0
3992
1
 0
3994
2
 0
 0
3996
2
 0
 0
3997
1
 0
4000
1
 0
4003
2
 0
 0
4004
1
 0
4005
1
 0
4006
2
 0
 0
4007
3
 0
 0
 0
4008
2
 0
 0
4009
2
 0
 0
4010
2
 0
 0
4011
2
 0
 0
4012
1
 0
4013
2
 0
 0
4014
2
 0
 0
4015
2
 0
 0
4016
1
 0
4017
1
 0
4018
1
 0
4019
2
 0
 0
4020
2
 0
 0
4021
2
 0
 0
4022
2
 0
 0
4023
1
 0
4024
1
 0
4025
1
 0
4027
2
 0
 0
4028
1
 0
4029
2
 0
 0
4030
2
 0
 0
4031
3
 0
 0
 0
4032
3
 0
 0
 0
4033
1
 0
4034
2
 0
 0
4035
1
 0
4036
3
 0
 0
 0
4037
2
 0
 0
4038
1
 0
4039
3
 0
 0
 0
4040
2
 0
 0
4041
2
 0
 0
4042
2
 0
 0
4052
2
 0
 0
4053
1
 0
4054
1
 0
4055
1
 0
4057
2
 0
 0
4058
2
 0
 0
4059
2
 0
 0
4060
2
 0
 0
4061
2
 0
 0
4062
4
 0
 0
 0
 0
4066
1
 0
4067
1
 0
4070
1
 0
4071
1
 0
4072
2
 0
 0
4073
2
 0
 0
4074
1
 0
4075
1
 0
4076
1
 0
4077
3
 0
 0
 0
4078
2
 0
 0
4079
3
 0
 0
 0
4080
1
 0
4081
2
 0
 0
4082
4
 0
 0
 0
 0
4083
1
 0
4085
1
 0
4086
1
 0
4087
2
 0
 0
4088
2
 0
 0
4089
2
 0
 0
4090
1
 0
4091
3
 0
 0
 0
4092
2
 0
 0
4093
1
 0
4094
1
 0
4095
1
 0
4096
1
 0
4097
1
 0
4102
2
 0
 0
4103
2
 0
 0
4104
3
 0
 0
 0
4105
2
 0
 0
4106
2
 0
 0
4107
3
 0
 0
 0
4108
1
 0
4112
3
 0
 0
 0
4113
1
 0
4114
1
 0
4115
1
 0
4116
1
 0
4117
2
 0
 0
4118
2
 0
 0
4119
2
 0
 0
4120
2
 0
 0
4121
2
 0
 0
4122
2
 0
 0
4123
1
 0
4124
1
 0
4125
2
 0
 0
4126
2
 0
 0
4127
2
 0
 0
4128
1
 0
4129
2
 0
 0
4130
1
 0
4131
1
 0
4132
1
 0
4133
2
 0
 0
4134
1
 0
4135
2
 0
 0
4136
1
 0
4137
2
 0
 0
4138
2
 0
 0
4140
1
 0
4141
2
 0
 0
4142
1
 0
4143
2
 0
 0
4145
1
 0
4147
1
 0
4148
1
 0
4149
2
 0
 0
4150
1
 0
4151
3
 0
 0
 0
4152
2
 0
 0
4153
2
 0
 0
4155
2
 0
 0
4156
2
 0
 0
4157
1
 0
4162
1
 0
4163
1
 0
4164
3
 0
 0
 0
4165
2
 0
 0
4166
2
 0
 0
4167
2
 0
 0
4168
1
 0
4170
2
 0
 0
4171
2
 0
 0
4172
1
 0
4173
1
 0
4175
2
 0
 0
4176
2
 0
 0
4177
3
 0
 0
 0
4179
2
 0
 0
4180
1
 0
4181
1
 0
4182
1
 0
4183
2
 0
 0
4184
2
 0
 0
4185
2
 0
 0
4187
1
 0
4191
1
 0
4192
1
 0
4193
2
 0
 0
4194
1
 0
4195
1
 0
4197
1
 0
4198
2
 0
 0
4199
2
 0
 0
4200
2
 0
 0
4201
2
 0
 0
4202
1
 0
4205
1
 0
4206
1
 0
4207
1
 0
4209
1
 0
4210
2
 0
 0
4212
2
 0
 0
4214
1
 0
4215
3
 0
 0
 0
4216
2
 0
 0
4217
2
 0
 0
4218
1
 0
4219
1
 0
4220
1
 0
4221
1
 0
4223
1
 0
4224
2
 0
 0
4225
1
 0
4226
1
 0
4228
1
 0
4229
1
 0
4230
2
 0
 0
4231
2
 0
 0
4232
2
 0
 0
4233
2
 0
 0
4234
2
 0
 0
4236
1
 0
4238
2
 0
 0
4239
1
 0
4240
1
 0
4241
1
 0
4243
1
 0
4244
1
 0
4245
2
 0
 0
4246
2
 0
 0
4247
2
 0
 0
4249
2
 0
 0
4250
3
 0
 0
 0
4251
2
 0
 0
4252
1
 0
4253
3
 0
 0
 0
4255
2
 0
 0
4256
3
 0
 0
 0
4257
3
 0
 0
 0
4258
2
 0
 0
4259
1
 0
4261
1
 0
4265
1
 0
4266
1
 0
4267
3
 0
 0
 0
4268
1
 0
4269
1
 0
4270
1
 0
4271
3
 0
 0
 0
4272
2
 0
 0
4273
2
 0
 0
4275
1
 0
4276
2
 0
 0
4280
2
 0
 0
4281
1
 0
4282
1
 0
4283
1
 0
4284
3
 0
 0
 0
4286
2
 0
 0
4287
1
 0
4288
2
 0
 0
4289
1
 0
4292
1
 0
4294
1
 0
4295
1
 0
4296
1
 0
4297
3
 0
 0
 0
4298
2
 0
 0
4300
1
 0
4301
1
 0
4302
1
 0
4303
1
 0
4304
2
 0
 0
4305
1
 0
4306
1
 0
4307
1
 0
4308
3
 0
 0
 0
4309
1
 0
4310
1
 0
4311
1
 0
4312
1
 0
4313
1
 0
4315
1
 0
4317
1
 0
4319
2
 0
 0
4320
2
 0
 0
4321
1
 0
4323
1
 0
4324
3
 0
 0
 0
4325
3
 0
 0
 0
4326
2
 0
 0
4327
2
 0
 0
4328
1
 0
4329
3
 0
 0
 0
4330
2
 0
 0
4331
2
 0
 0
4332
1
 0
4333
2
 0
 0
4335
2
 0
 0
4336
1
 0
4337
1
 0
4338
1
 0
4339
2
 0
 0
4340
1
 0
4341
2
 0
 0
4342
2
 0
 0
4343
2
 0
 0
4345
1
 0
4346
1
 0
4347
3
 0
 0
 0
4348
1
 0
4349
2
 0
 0
4350
2
 0
 0
4351
2
 0
 0
4353
1
 0
4354
1
 0
4356
3
 0
 0
 0
4357
2
 0
 0
4358
2
 0
 0
4360
1
 0
4361
1
 0
4362
2
 0
 0
4363
2
 0
 0
4364
2
 0
 0
4365
2
 0
 0
4366
2
 0
 0
4367
1
 0
4368
1
 0
4370
1
 0
4371
2
 0
 0
4372
1
 0
4375
2
 0
 0
4376
2
 0
 0
4377
1
 0
4378
3
 0
 0
 0
4379
2
 0
 0
4380
2
 0
 0
4382
2
 0
 0
4385
1
 0
4389
1
 0
4390
1
 0
4391
2
 0
 0
4392
1
 0
4393
1
 0
4394
1
 0
4395
2
 0
 0
4396
1
 0
4397
2
 0
 0
4398
1
 0
4400
1
 0
4401
2
 0
 0
4402
2
 0
 0
4403
2
 0
 0
4404
2
 0
 0
4405
1
 0
4407
2
 0
 0
4409
1
 0
4410
1
 0
4412
1
 0
4413
2
 0
 0
4414
2
 0
 0
4415
1
 0
4416
1
 0
4417
1
 0
4419
1
 0
4420
1
 0
4421
1
 0
4422
2
 0
 0
4423
2
 0
 0
4425
2
 0
 0
4427
1
 0
4429
1
 0
4430
2
 0
 0
4431
1
 0
4433
1
 0
4434
2
 0
 0
4435
1
 0
4436
1
 0
4437
3
 0
 0
 0
4438
2
 0
 0
4439
2
 0
 0
4440
3
 0
 0
 0
4441
3
 0
 0
 0
4442
1
 0
4443
2
 0
 0
4444
3
 0
 0
 0
4445
2
 0
 0
4446
2
 0
 0
4447
1
 0
4448
1
 0
4449
2
 0
 0
4450
3
 0
 0
 0
4451
2
 0
 0
4452
1
 0
4453
1
 0
4454
1
 0
4455
2
 0
 0
4456
1
 0
4457
1
 0
4458
1
 0
4460
2
 0
 0
4461
1
 0
4462
1
 0
4465
1
 0
4466
1
 0
4467
1
 0
4468
2
 0
 0
4469
1
 0
4470
1
 0
4471
1
 0
4475
1
 0
4480
2
 0
 0
4481
1
 0
4482
1
 0
4483
1
 0
4484
2
 0
 0
4485
3
 0
 0
 0
4486
1
 0
4489
1
 0
4490
2
 0
 0
4491
2
 0
 0
4492
1
 0
4493
1
 0
4494
1
 0
4495
3
 0
 0
 0
4496
1
 0
4497
1
 0
4498
1
 0
4499
1
 0
4500
4
 0
 0
 0
 0
4501
2
 0
 0
4502
2
 0
 0
4503
2
 0
 0
4504
2
 0
 0
4505
3
 0
 0
 0
4506
3
 0
 0
 0
4507
2
 0
 0
4508
1
 0
4509
2
 0
 0
4510
2
 0
 0
4511
1
 0
4512
1
 0
4513
1
 0
4514
1
 0
4515
2
 0
 0
4516
1
 0
4517
1
 0
4518
1
 0
4520
1
 0
4525
1
 0
4526
1
 0
4527
1
 0
4528
1
 0
4529
1
 0
4530
1
 0
4531
1
 0
4532
1
 0
4533
1
 0
4534
3
 0
 0
 0
4535
3
 0
 0
 0
4536
2
 0
 0
4537
2
 0
 0
4538
2
 0
 0
4539
3
 0
 0
 0
4540
3
 0
 0
 0
4541
1
 0
4542
1
 0
4543
2
 0
 0
4544
1
 0
4545
2
 0
 0
4546
1
 0
4547
1
 0
4548
2
 0
 0
4549
3
 0
 0
 0
4550
2
 0
 0
4551
2
 0
 0
4552
3
 0
 0
 0
4553
2
 0
 0
4554
2
 0
 0
4555
2
 0
 0
4556
1
 0
4558
1
 0
4559
2
 0
 0
4560
1
 0
4561
1
 0
4562
1
 0
4565
2
 0
 0
4566
2
 0
 0
4567
1
 0
4569
2
 0
 0
4570
1
 0
4572
1
 0
4573
1
 0
4574
1
 0
4575
1
 0
4577
1
 0
4578
1
 0
4579
2
 0
 0
4580
2
 0
 0
4581
2
 0
 0
4582
1
 0
4584
1
 0
4585
2
 0
 0
4586
1
 0
4587
2
 0
 0
4589
2
 0
 0
4590
1
 0
4593
1
 0
4594
1
 0
4595
1
 0
4596
2
 0
 0
4597
2
 0
 0
4598
1
 0
4599
1
 0
4600
1
 0
4602
2
 0
 0
4603
2
 0
 0
4604
1
 0
4605
1
 0
4606
2
 0
 0
4607
1
 0
4608
1
 0
4610
1
 0
4611
1
 0
4612
2
 0
 0
4613
2
 0
 0
4615
2
 0
 0
4616
2
 0
 0
4618
2
 0
 0
4619
2
 0
 0
4620
1
 0
4621
2
 0
 0
4622
2
 0
 0
4624
2
 0
 0
4625
1
 0
4626
2
 0
 0
4627
1
 0
4628
2
 0
 0
4629
2
 0
 0
4630
2
 0
 0
4631
1
 0
4632
1
 0
4633
1
 0
4634
1
 0
4637
1
 0
4638
1
 0
4639
2
 0
 0
4641
2
 0
 0
4642
1
 0
4643
1
 0
4645
1
 0
4647
1
 0
4650
1
 0
4651
1
 0
4652
2
 0
 0
4653
1
 0
4654
1
 0
4655
2
 0
 0
4656
2
 0
 0
4658
2
 0
 0
4659
3
 0
 0
 0
4660
2
 0
 0
4661
2
 0
 0
4662
2
 0
 0
4663
1
 0
4664
1
 0
4665
2
 0
 0
4666
1
 0
4668
1
 0
4669
1
 0
4670
1
 0
4671
2
 0
 0
4672
1
 0
4673
1
 0
4674
1
 0
4675
2
 0
 0
4677
1
 0
4678
1
 0
4679
1
 0
4680
2
 0
 0
4681
1
 0
4682
2
 0
 0
4684
1
 0
4685
2
 0
 0
4686
2
 0
 0
4687
3
 0
 0
 0
4688
2
 0
 0
4690
2
 0
 0
4691
1
 0
4694
2
 0
 0
4695
1
 0
4696
1
 0
4697
1
 0
4698
2
 0
 0
4699
1
 0
4700
1
 0
4701
2
 0
 0
4702
2
 0
 0
4703
2
 0
 0
4704
2
 0
 0
4705
1
 0
4706
1
 0
4709
1
 0
4711
2
 0
 0
4712
1
 0
4713
2
 0
 0
4714
1
 0
4715
1
 0
4716
1
 0
4717
2
 0
 0
4718
2
 0
 0
4719
1
 0
4720
1
 0
4721
1
 0
4722
1
 0
4723
2
 0
 0
4724
2
 0
 0
4725
2
 0
 0
4726
1
 0
4727
1
 0
4728
1
 0
4730
2
 0
 0
4731
2
 0
 0
4732
1
 0
4734
1
 0
4735
2
 0
 0
4736
1
 0
4737
1
 0
4738
2
 0
 0
4739
1
 0
4740
2
 0
 0
4741
1
 0
4742
1
 0
4743
1
 0
4745
2
 0
 0
4746
2
 0
 0
4747
2
 0
 0
4748
2
 0
 0
4749
2
 0
 0
4750
1
 0
4751
1
 0
4752
1
 0
4754
1
 0
4755
1
 0
4756
1
 0
4757
1
 0
4758
2
 0
 0
4759
2
 0
 0
4760
1
 0
4762
2
 0
 0
4763
2
 0
 0
4764
2
 0
 0
4766
1
 0
4767
1
 0
4768
3
 0
 0
 0
4769
1
 0
4770
1
 0
4771
1
 0
4772
2
 0
 0
4773
2
 0
 0
4774
1
 0
4775
2
 0
 0
4776
1
 0
4778
1
 0
4779
1
 0
4780
2
 0
 0
4781
1
 0
4782
1
 0
4783
1
 0
4784
2
 0
 0
4785
2
 0
 0
4788
1
 0
4789
1
 0
4790
2
 0
 0
4791
1
 0
4792
1
 0
4795
1
 0
4796
2
 0
 0
4797
1
 0
4798
1
 0
4800
1
 0
4802
3
 0
 0
 0
4803
1
 0
4804
1
 0
4805
1
 0
4806
1
 0
4807
1
 0
4808
2
 0
 0
4809
1
 0
4810
1
 0
4811
1
 0
4812
2
 0
 0
4813
1
 0
4814
1
 0
4815
1
 0
4816
1
 0
4817
3
 0
 0
 0
4818
3
 0
 0
 0
4819
1
 0
4820
2
 0
 0
4821
1
 0
4823
1
 0
4824
2
 0
 0
4825
2
 0
 0
4826
2
 0
 0
4827
2
 0
 0
4828
1
 0
4829
1
 0
4830
2
 0
 0
4831
1
 0
4832
2
 0
 0
4833
1
 0
4834
1
 0
4836
2
 0
 0
4837
2
 0
 0
4838
2
 0
 0
4839
2
 0
 0
4840
2
 0
 0
4841
1
 0
4842
2
 0
 0
4843
1
 0
4844
2
 0
 0
4847
1
 0
4848
1
 0
4849
2
 0
 0
4850
2
 0
 0
4851
1
 0
4852
1
 0
4853
1
 0
4854
1
 0
4855
2
 0
 0
4856
2
 0
 0
4857
1
 0
4859
1
 0
4860
2
 0
 0
4861
1
 0
4862
3
 0
 0
 0
4863
2
 0
 0
4864
2
 0
 0
4865
2
 0
 0
4866
1
 0
4868
1
 0
4869
1
 0
4870
2
 0
 0
4871
1
 0
4872
1
 0
4873
1
 0
4875
1
 0
4876
1
 0
4877
1
 0
4880
1
 0
4884
1
 0
4885
1
 0
4886
1
 0
4887
2
 0
 0
4888
1
 0
4889
1
 0
4890
2
 0
 0
4892
1
 0
4893
1
 0
4894
2
 0
 0
4895
2
 0
 0
4896
1
 0
4897
1
 0
4898
3
 0
 0
 0
4899
1
 0
4900
1
 0
4901
1
 0
4902
2
 0
 0
4903
1
 0
4905
1
 0
4906
2
 0
 0
4907
2
 0
 0
4908
2
 0
 0
4909
1
 0
4910
1
 0
4912
1
 0
4913
1
 0
4914
2
 0
 0
4915
4
 0
 0
 0
 0
4916
2
 0
 0
4917
1
 0
4918
2
 0
 0
4919
2
 0
 0
4920
3
 0
 0
 0
4921
1
 0
4922
3
 0
 0
 0
4923
2
 0
 0
4924
3
 0
 0
 0
4925
2
 0
 0
4932
1
 0
4935
2
 0
 0
4936
1
 0
4937
1
 0
4938
1
 0
4939
1
 0
4940
1
 0
4942
1
 0
4943
1
 0
4944
1
 0
4945
3
 0
 0
 0
4946
2
 0
 0
4947
2
 0
 0
4948
1
 0
4950
1
 0
4954
1
 0
4955
4
 0
 0
 0
 0
4956
2
 0
 0
4957
1
 0
4958
1
 0
4959
2
 0
 0
4960
2
 0
 0
4961
1
 0
4964
1
 0
4965
1
 0
4966
1
 0
4967
1
 0
4968
1
 0
4969
1
 0
4970
1
 0
4971
2
 0
 0
4972
1
 0
4974
2
 0
 0
4975
2
 0
 0
4976
1
 0
4977
2
 0
 0
4978
1
 0
4979
1
 0
4980
2
 0
 0
4981
1
 0
4982
1
 0
4984
2
 0
 0
4986
1
 0
4987
2
 0
 0
4988
1
 0
4989
2
 0
 0
4990
1
 0
4991
2
 0
 0
4992
1
 0
4993
1
 0
4994
1
 0
4995
1
 0
4996
1
 0
4997
1
 0
4998
1
 0
4999
1
 0
5000
1
 0
5001
1
 0
5003
1
 0
5004
1
 0
5006
1
 0
5007
1
 0
5008
1
 0
5009
1
 0
5010
1
 0
5012
1
 0
5013
1
 0
5014
2
 0
 0
5015
1
 0
5017
1
 0
5018
1
 0
5019
1
 0
5020
1
 0
5021
2
 0
 0
5022
1
 0
5023
1
 0
5024
1
 0
5025
1
 0
5026
1
 0
5027
2
 0
 0
5028
1
 0
5029
3
 0
 0
 0
5030
2
 0
 0
5032
1
 0
5033
2
 0
 0
5034
2
 0
 0
5035
2
 0
 0
5036
1
 0
5038
1
 0
5039
1
 0
5040
1
 0
5041
2
 0
 0
5042
1
 0
5045
1
 0
5046
1
 0
5048
2
 0
 0
5049
2
 0
 0
5051
1
 0
5054
1
 0
5055
1
 0
5056
1
 0
5057
1
 0
5058
2
 0
 0
5060
1
 0
5061
1
 0
5063
1
 0
5064
1
 0
5065
1
 0
5066
1
 0
5068
1
 0
5075
2
 0
 0
5077
1
 0
5079
1
 0
5080
2
 0
 0
5081
1
 0
5082
2
 0
 0
5083
3
 0
 0
 0
5084
3
 0
 0
 0
5085
1
 0
5086
3
 0
 0
 0
5087
2
 0
 0
5088
1
 0
5089
1
 0
5090
1
 0
5091
2
 0
 0
5092
1
 0
5093
1
 0
5094
1
 0
5095
1
 0
5099
1
 0
5101
2
 0
 0
5102
1
 0
5103
1
 0
5104
3
 0
 0
 0
5105
2
 0
 0
5106
1
 0
5107
1
 0
5109
1
 0
5110
2
 0
 0
5111
1
 0
5112
2
 0
 0
5113
1
 0
5115
1
 0
5116
1
 0
5120
1
 0
5123
3
 0
 0
 0
5124
1
 0
5125
1
 0
5127
1
 0
5128
2
 0
 0
5129
2
 0
 0
5130
2
 0
 0
5134
1
 0
5138
1
 0
5139
1
 0
5149
1
 0
5151
1
 0
5152
1
 0
5153
2
 0
 0
5154
2
 0
 0
5156
2
 0
 0
5157
2
 0
 0
5158
2
 0
 0
5159
2
 0
 0
5160
2
 0
 0
5161
1
 0
5162
1
 0
5164
1
 0
5165
4
 0
 0
 0
 0
5166
2
 0
 0
5167
1
 0
5168
1
 0
5169
1
 0
5172
1
 0
5173
1
 0
5175
1
 0
5176
1
 0
5177
1
 0
5178
2
 0
 0
5179
1
 0
5181
1
 0
5182
1
 0
5183
2
 0
 0
5184
3
 0
 0
 0
5185
1
 0
5186
1
 0
5187
1
 0
5189
1
 0
5190
1
 0
5191
1
 0
5194
1
 0
5195
1
 0
5197
2
 0
 0
5198
3
 0
 0
 0
5199
2
 0
 0
5200
2
 0
 0
5201
1
 0
5202
1
 0
5204
1
 0
5205
1
 0
5206
1
 0
5208
1
 0
5211
1
 0
5212
1
 0
5213
1
 0
5223
1
 0
5224
1
 0
5225
1
 0
5226
2
 0
 0
5227
2
 0
 0
5228
2
 0
 0
5229
1
 0
5230
2
 0
 0
5231
2
 0
 0
5232
1
 0
5239
2
 0
 0
5240
1
 0
5241
2
 0
 0
5242
1
 0
5243
1
 0
5246
1
 0
5247
2
 0
 0
5248
1
 0
5249
2
 0
 0
5250
1
 0
5253
2
 0
 0
5254
1
 0
5256
1
 0
5257
1
 0
5258
1
 0
5260
1
 0
5261
1
 0
5263
1
 0
5264
1
 0
5265
1
 0
5266
1
 0
5267
1
 0
5268
1
 0
5269
1
 0
5270
2
 0
 0
5271
2
 0
 0
5272
2
 0
 0
5273
3
 0
 0
 0
5274
2
 0
 0
5275
2
 0
 0
5276
1
 0
5277
1
 0
5278
2
 0
 0
5279
1
 0
5280
2
 0
 0
5281
3
 0
 0
 0
5282
2
 0
 0
5283
3
 0
 0
 0
5284
2
 0
 0
5285
1
 0
5286
1
 0
5287
1
 0
5288
2
 0
 0
5293
1
 0
5294
1
 0
5295
1
 0
5296
1
 0
5297
1
 0
5298
3
 0
 0
 0
5299
1
 0
5300
1
 0
5301
1
 0
5303
1
 0
5317
1
 0
5318
2
 0
 0
5319
2
 0
 0
5320
1
 0
5321
1
 0
5322
2
 0
 0
5323
2
 0
 0
5327
1
 0
5328
2
 0
 0
5332
1
 0
5333
2
 0
 0
5334
1
 0
5343
1
 0
5344
1
 0
5345
1
 0
5347
1
 0
5348
2
 0
 0
5349
2
 0
 0
5351
1
 0
5352
1
 0
5353
2
 0
 0
5354
1
 0
5355
1
 0
5356
1
 0
5358
1
 0
5360
1
 0
5361
1
 0
5362
2
 0
 0
5363
2
 0
 0
5368
1
 0
5369
2
 0
 0
5370
2
 0
 0
5371
2
 0
 0
5372
2
 0
 0
5373
1
 0
5375
1
 0
5376
2
 0
 0
5377
1
 0
5378
2
 0
 0
5380
2
 0
 0
5381
2
 0
 0
5382
3
 0
 0
 0
5383
3
 0
 0
 0
5384
1
 0
5385
1
 0
5387
2
 0
 0
5388
1
 0
5391
2
 0
 0
5392
2
 0
 0
5393
1
 0
5394
1
 0
5396
2
 0
 0
5397
1
 0
5398
2
 0
 0
5399
2
 0
 0
5400
1
 0
5401
1
 0
5402
2
 0
 0
5403
1
 0
5404
2
 0
 0
5405
1
 0
5406
1
 0
5407
1
 0
5409
1
 0
5413
1
 0
5414
1
 0
5415
1
 0
5416
1
 0
5417
1
 0
5419
2
 0
 0
5420
2
 0
 0
5422
1
 0
5423
1
 0
5425
2
 0
 0
5426
3
 0
 0
 0
5427
2
 0
 0
5431
1
 0
5432
2
 0
 0
5433
2
 0
 0
5435
2
 0
 0
5436
2
 0
 0
5437
1
 0
5438
2
 0
 0
5439
1
 0
5440
1
 0
5441
1
 0
5442
1
 0
5444
2
 0
 0
5445
1
 0
5450
1
 0
5451
1
 0
5452
2
 0
 0
5453
3
 0
 0
 0
5454
2
 0
 0
5455
1
 0
5456
2
 0
 0
5457
1
 0
5458
3
 0
 0
 0
5459
3
 0
 0
 0
5460
1
 0
5462
1
 0
5463
2
 0
 0
5464
2
 0
 0
5465
2
 0
 0
5466
1
 0
5467
1
 0
5468
1
 0
5469
1
 0
5470
2
 0
 0
5471
2
 0
 0
5472
1
 0
5473
3
 0
 0
 0
5474
2
 0
 0
5476
3
 0
 0
 0
5477
2
 0
 0
5478
2
 0
 0
5480
2
 0
 0
5481
1
 0
5485
1
 0
5487
1
 0
5488
2
 0
 0
5489
1
 0
5491
2
 0
 0
5492
1
 0
5494
1
 0
5495
3
 0
 0
 0
5496
1
 0
5497
2
 0
 0
5499
2
 0
 0
5503
1
 0
5504
1
 0
5505
1
 0
5506
1
 0
5507
1
 0
5508
1
 0
5509
2
 0
 0
5510
2
 0
 0
5513
1
 0
5516
1
 0
5517
2
 0
 0
5522
1
 0
5523
2
 0
 0
5524
1
 0
5525
2
 0
 0
5527
1
 0
5528
2
 0
 0
5529
1
 0
5530
2
 0
 0
5531
1
 0
5532
1
 0
5533
1
 0
5534
2
 0
 0
5535
1
 0
5536
1
 0
5539
1
 0
5541
1
 0
5542
2
 0
 0
5543
1
 0
5544
1
 0
5545
2
 0
 0
5546
1
 0
5548
2
 0
 0
5549
2
 0
 0
5550
3
 0
 0
 0
5552
2
 0
 0
5554
1
 0
5555
1
 0
5556
1
 0
5557
1
 0
5558
1
 0
5559
1
 0
5560
2
 0
 0
5561
1
 0
5562
2
 0
 0
5563
3
 0
 0
 0
5564
2
 0
 0
5565
1
 0
5566
1
 0
5567
1
 0
5568
2
 0
 0
5569
1
 0
5571
2
 0
 0
5575
1
 0
5576
1
 0
5577
2
 0
 0
5578
1
 0
5581
2
 0
 0
5582
1
 0
5583
1
 0
5586
2
 0
 0
5587
3
 0
 0
 0
5588
1
 0
5589
2
 0
 0
5590
1
 0
5591
1
 0
5592
1
 0
5593
1
 0
5594
2
 0
 0
5595
1
 0
5596
2
 0
 0
5597
1
 0
5599
2
 0
 0
5600
2
 0
 0
5602
2
 0
 0
5603
1
 0
5604
1
 0
5605
1
 0
5606
1
 0
5607
1
 0
5608
1
 0
5611
1
 0
5613
1
 0
5614
3
 0
 0
 0
5615
1
 0
5616
1
 0
5617
1
 0
5620
1
 0
5621
1
 0
5622
4
 0
 0
 0
 0
5623
2
 0
 0
5624
3
 0
 0
 0
5626
1
 0
5628
1
 0
5629
1
 0
5630
2
 0
 0
5631
1
 0
5632
3
 0
 0
 0
5633
1
 0
5634
1
 0
5635
1
 0
5636
1
 0
5637
2
 0
 0
5638
1
 0
5639
1
 0
5640
2
 0
 0
5641
2
 0
 0
5642
2
 0
 0
5643
2
 0
 0
5645
1
 0
5646
1
 0
5647
1
 0
5649
1
 0
5650
2
 0
 0
5651
1
 0
5652
1
 0
5653
1
 0
5655
1
 0
5658
1
 0
5659
2
 0
 0
5660
2
 0
 0
5661
3
 0
 0
 0
5662
1
 0
5666
2
 0
 0
5667
2
 0
 0
5668
2
 0
 0
5670
1
 0
5671
3
 0
 0
 0
5672
1
 0
5673
1
 0
5675
1
 0
5676
1
 0
5677
1
 0
5678
4
 0
 0
 0
 0
5679
1
 0
5680
1
 0
5681
1
 0
5682
2
 0
 0
5683
1
 0
5684
1
 0
5685
2
 0
 0
5686
2
 0
 0
5688
1
 0
5691
1
 0
5692
1
 0
5693
2
 0
 0
5694
1
 0
5695
1
 0
5696
2
 0
 0
5697
1
 0
5698
2
 0
 0
5700
1
 0
5701
2
 0
 0
5702
2
 0
 0
5703
2
 0
 0
5704
3
 0
 0
 0
5705
2
 0
 0
5706
2
 0
 0
5707
2
 0
 0
5708
3
 0
 0
 0
5709
2
 0
 0
5710
3
 0
 0
 0
5711
1
 0
5712
2
 0
 0
5713
2
 0
 0
5714
1
 0
5715
2
 0
 0
5716
1
 0
5717
1
 0
5718
3
 0
 0
 0
5719
1
 0
5720
2
 0
 0
5721
1
 0
5722
1
 0
5723
1
 0
5724
2
 0
 0
5725
2
 0
 0
5726
1
 0
5727
1
 0
5728
3
 0
 0
 0
5729
1
 0
5730
1
 0
5731
1
 0
5732
1
 0
5733
2
 0
 0
5734
1
 0
5735
1
 0
5736
1
 0
5737
1
 0
5738
3
 0
 0
 0
5739
2
 0
 0
5740
1
 0
5743
1
 0
5744
2
 0
 0
5745
1
 0
5746
1
 0
5747
1
 0
5748
1
 0
5749
2
 0
 0
5750
1
 0
5751
1
 0
5752
1
 0
5753
3
 0
 0
 0
5754
2
 0
 0
5755
1
 0
5758
2
 0
 0
5759
1
 0
5760
1
 0
5761
1
 0
5762
1
 0
5763
2
 0
 0
5764
2
 0
 0
5765
2
 0
 0
5766
2
 0
 0
5767
1
 0
5768
2
 0
 0
5769
2
 0
 0
5770
3
 0
 0
 0
5771
2
 0
 0
5772
1
 0
5773
2
 0
 0
5774
1
 0
5775
1
 0
5776
1
 0
5778
1
 0
5782
1
 0
5783
2
 0
 0
5788
2
 0
 0
5789
1
 0
5790
1
 0
5791
2
 0
 0
5792
3
 0
 0
 0
5793
2
 0
 0
5794
1
 0
5796
1
 0
5797
1
 0
5798
1
 0
5799
1
 0
5800
3
 0
 0
 0
5804
3
 0
 0
 0
5805
2
 0
 0
5806
3
 0
 0
 0
5807
2
 0
 0
5808
2
 0
 0
5810
2
 0
 0
5812
2
 0
 0
5814
3
 0
 0
 0
5815
2
 0
 0
5816
1
 0
5817
2
 0
 0
5818
1
 0
5819
2
 0
 0
5820
1
 0
5821
2
 0
 0
5822
1
 0
5823
2
 0
 0
5824
2
 0
 0
5825
1
 0
5826
1
 0
5827
1
 0
5828
1
 0
5829
1
 0
5830
1
 0
5831
1
 0
5833
2
 0
 0
5834
1
 0
5836
2
 0
 0
5838
2
 0
 0
5841
2
 0
 0
5842
1
 0
5843
1
 0
5844
1
 0
5845
1
 0
5846
1
 0
5847
1
 0
5848
2
 0
 0
5849
2
 0
 0
5850
2
 0
 0
5851
1
 0
5852
2
 0
 0
5853
1
 0
5854
2
 0
 0
5855
1
 0
5856
1
 0
5858
1
 0
5860
1
 0
5861
2
 0
 0
5862
1
 0
5866
1
 0
5867
2
 0
 0
5868
2
 0
 0
5869
1
 0
5870
1
 0
5874
1
 0
5875
1
 0
5876
2
 0
 0
5877
2
 0
 0
5878
3
 0
 0
 0
5879
1
 0
5880
2
 0
 0
5881
1
 0
5882
1
 0
5884
2
 0
 0
5885
2
 0
 0
5886
3
 0
 0
 0
5888
1
 0
5889
1
 0
5890
2
 0
 0
5891
2
 0
 0
5892
1
 0
5893
3
 0
 0
 0
5894
2
 0
 0
5895
1
 0
5897
1
 0
5898
1
 0
5899
1
 0
5901
1
 0
5903
1
 0
5904
2
 0
 0
5905
1
 0
5906
1
 0
5907
2
 0
 0
5908
1
 0
5909
1
 0
5910
2
 0
 0
5911
1
 0
5912
2
 0
 0
5913
1
 0
5914
1
 0
5915
2
 0
 0
5916
1
 0
5917
1
 0
5918
1
 0
5919
1
 0
5922
2
 0
 0
5923
1
 0
5924
2
 0
 0
5925
1
 0
5926
2
 0
 0
5927
1
 0
5930
1
 0
5932
2
 0
 0
5933
1
 0
5935
2
 0
 0
5936
2
 0
 0
5939
1
 0
5940
1
 0
5941
3
 0
 0
 0
5942
1
 0
5943
1
 0
5944
1
 0
5945
2
 0
 0
5946
1
 0
5947
1
 0
5948
1
 0
5949
1
 0
5951
2
 0
 0
5952
2
 0
 0
5953
2
 0
 0
5954
2
 0
 0
5955
1
 0
5956
3
 0
 0
 0
5957
2
 0
 0
5958
2
 0
 0
5959
3
 0
 0
 0
5960
2
 0
 0
5962
1
 0
5963
1
 0
5964
1
 0
5965
1
 0
5966
2
 0
 0
5967
2
 0
 0
5968
3
 0
 0
 0
5969
1
 0
5971
1
 0
5972
2
 0
 0
5973
1
 0
5974
1
 0
5975
1
 0
5977
1
 0
5978
1
 0
5980
2
 0
 0
5981
1
 0
5982
2
 0
 0
5983
2
 0
 0
5984
1
 0
5985
1
 0
5986
1
 0
5990
1
 0
5991
1
 0
5992
1
 0
5993
2
 0
 0
5994
1
 0
5995
2
 0
 0
5996
1
 0
5997
1
 0
5998
2
 0
 0
5999
1
 0
6000
1
 0
6001
2
 0
 0
6002
1
 0
6003
1
 0
6004
1
 0
6007
1
 0
6008
1
 0
6010
3
 0
 0
 0
6011
1
 0
6012
1
 0
6013
1
 0
6015
1
 0
6016
2
 0
 0
6017
1
 0
6018
1
 0
6019
1
 0
6020
1
 0
6021
1
 0
6022
1
 0
6023
1
 0
6025
2
 0
 0
6026
3
 0
 0
 0
6027
3
 0
 0
 0
6030
2
 0
 0
6031
1
 0
6033
2
 0
 0
6034
1
 0
6036
2
 0
 0
6037
2
 0
 0
6038
2
 0
 0
6039
2
 0
 0
6040
1
 0
6041
1
 0
6042
2
 0
 0
6043
1
 0
6046
2
 0
 0
6047
1
 0
6048
1
 0
6051
2
 0
 0
6052
1
 0
6053
1
 0
6054
2
 0
 0
6056
1
 0
6057
1
 0
6058
1
 0
6059
2
 0
 0
6060
1
 0
6061
1
 0
6062
1
 0
6063
1
 0
6064
1
 0
6068
2
 0
 0
6069
2
 0
 0
6071
1
 0
6072
1
 0
6075
1
 0
6077
1
 0
6082
1
 0
6083
1
 0
6084
2
 0
 0
6085
1
 0
6086
2
 0
 0
6087
1
 0
6089
1
 0
6090
2
 0
 0
6091
1
 0
6092
1
 0
6093
1
 0
6094
1
 0
6095
1
 0
6096
2
 0
 0
6100
3
 0
 0
 0
6101
2
 0
 0
6102
1
 0
6103
2
 0
 0
6104
1
 0
6105
3
 0
 0
 0
6106
2
 0
 0
6107
1
 0
6108
1
 0
6110
2
 0
 0
6111
2
 0
 0
6112
2
 0
 0
6115
2
 0
 0
6116
2
 0
 0
6117
2
 0
 0
6118
2
 0
 0
6119
2
 0
 0
6120
2
 0
 0
6121
3
 0
 0
 0
6122
2
 0
 0
6123
1
 0
6124
2
 0
 0
6125
1
 0
6126
3
 0
 0
 0
6127
2
 0
 0
6128
2
 0
 0
6129
2
 0
 0
6130
1
 0
6131
2
 0
 0
6132
3
 0
 0
 0
6133
2
 0
 0
6134
2
 0
 0
6135
2
 0
 0
6136
4
 0
 0
 0
 0
6137
2
 0
 0
6138
1
 0
6141
2
 0
 0
6142
1
 0
6143
1
 0
6144
1
 0
6145
1
 0
6146
1
 0
6151
2
 0
 0
6152
1
 0
6153
1
 0
6154
2
 0
 0
6155
2
 0
 0
6156
3
 0
 0
 0
6160
1
 0
6161
1
 0
6163
1
 0
6164
1
 0
6165
1
 0
6166
2
 0
 0
6171
1
 0
6172
1
 0
6173
1
 0
6174
2
 0
 0
6175
2
 0
 0
6176
3
 0
 0
 0
6177
2
 0
 0
6178
2
 0
 0
6179
2
 0
 0
6180
2
 0
 0
6181
2
 0
 0
6182
2
 0
 0
6183
1
 0
6184
1
 0
6185
2
 0
 0
6186
2
 0
 0
6187
1
 0
6188
1
 0
6189
1
 0
6190
2
 0
 0
6191
1
 0
6196
1
 0
6197
1
 0
6198
1
 0
6199
2
 0
 0
6200
3
 0
 0
 0
6201
2
 0
 0
6202
1
 0
6204
1
 0
6205
1
 0
6206
1
 0
6211
2
 0
 0
6212
1
 0
6214
2
 0
 0
6215
1
 0
6216
1
 0
6217
1
 0
6218
2
 0
 0
6220
2
 0
 0
6221
2
 0
 0
6222
1
 0
6223
2
 0
 0
6224
2
 0
 0
6226
2
 0
 0
6227
3
 0
 0
 0
6228
2
 0
 0
6229
2
 0
 0
6230
1
 0
6231
2
 0
 0
6232
2
 0
 0
6233
1
 0
6234
2
 0
 0
6235
2
 0
 0
6236
1
 0
6237
1
 0
6238
2
 0
 0
6239
2
 0
 0
6241
1
 0
6242
1
 0
6243
1
 0
6244
1
 0
6248
1
 0
6249
2
 0
 0
6250
1
 0
6254
1
 0
6256
2
 0
 0
6257
1
 0
6258
2
 0
 0
6261
1
 0
6262
2
 0
 0
6263
2
 0
 0
6265
2
 0
 0
6266
2
 0
 0
6267
2
 0
 0
6268
1
 0
6269
2
 0
 0
6270
2
 0
 0
6272
1
 0
6273
1
 0
6274
1
 0
6275
3
 0
 0
 0
6276
2
 0
 0
6277
2
 0
 0
6278
2
 0
 0
6279
2
 0
 0
6280
1
 0
6281
2
 0
 0
6282
1
 0
6285
1
 0
6286
2
 0
 0
6287
1
 0
6288
3
 0
 0
 0
6289
1
 0
6290
2
 0
 0
6292
2
 0
 0
6293
2
 0
 0
6294
1
 0
6295
1
 0
6296
1
 0
6297
1
 0
6298
1
 0
6299
1
 0
6300
1
 0
6301
2
 0
 0
6302
1
 0
6303
2
 0
 0
6304
1
 0
6305
1
 0
6306
2
 0
 0
6307
2
 0
 0
6308
1
 0
6310
2
 0
 0
6311
3
 0
 0
 0
6312
2
 0
 0
6313
2
 0
 0
6314
1
 0
6315
1
 0
6316
1
 0
6317
1
 0
6320
2
 0
 0
6321
1
 0
6322
1
 0
6325
1
 0
6326
1
 0
6327
1
 0
6328
1
 0
6329
2
 0
 0
6330
2
 0
 0
6331
1
 0
6332
2
 0
 0
6333
1
 0
6334
2
 0
 0
6335
1
 0
6336
1
 0
6337
1
 0
6338
1
 0
6339
1
 0
6341
1
 0
6342
1
 0
6344
1
 0
6345
2
 0
 0
6346
1
 0
6347
3
 0
 0
 0
6348
1
 0
6351
1
 0
6353
1
 0
6354
1
 0
6355
1
 0
6357
1
 0
6358
1
 0
6360
2
 0
 0
6362
1
 0
6363
1
 0
6364
1
 0
6365
1
 0
6366
1
 0
6367
1
 0
6369
1
 0
6370
1
 0
6371
4
 0
 0
 0
 0
6372
1
 0
6373
1
 0
6374
1
 0
6375
1
 0
6376
1
 0
6377
2
 0
 0
6378
1
 0
6379
1
 0
6380
1
 0
6381
1
 0
6382
1
 0
6384
2
 0
 0
6385
3
 0
 0
 0
6386
1
 0
6387
1
 0
6389
1
 0
6390
1
 0
6392
2
 0
 0
6394
1
 0
6395
1
 0
6396
1
 0
6397
1
 0
6399
1
 0
6400
2
 0
 0
6401
1
 0
6402
1
 0
6403
1
 0
6404
1
 0
6405
1
 0
6406
3
 0
 0
 0
6407
3
 0
 0
 0
6408
1
 0
6409
1
 0
6410
1
 0
6411
2
 0
 0
6413
1
 0
6414
2
 0
 0
6415
3
 0
 0
 0
6416
2
 0
 0
6417
1
 0
6419
3
 0
 0
 0
6420
3
 0
 0
 0
6421
3
 0
 0
 0
6422
1
 0
6423
2
 0
 0
6425
1
 0
6428
1
 0
6429
1
 0
6430
1
 0
6431
2
 0
 0
6432
2
 0
 0
6433
1
 0
6435
1
 0
6436
2
 0
 0
6437
2
 0
 0
6438
1
 0
6441
1
 0
6442
1
 0
6443
1
 0
6444
3
 0
 0
 0
6445
1
 0
6448
1
 0
6449
1
 0
6453
1
 0
6454
1
 0
6455
1
 0
6456
2
 0
 0
6457
3
 0
 0
 0
6458
1
 0
6459
1
 0
6462
1
 0
6463
1
 0
6464
2
 0
 0
6465
1
 0
6466
1
 0
6467
4
 0
 0
 0
 0
6468
1
 0
6469
1
 0
6470
1
 0
6471
2
 0
 0
6472
1
 0
6473
1
 0
6474
1
 0
6475
1
 0
6476
1
 0
6477
2
 0
 0
6478
2
 0
 0
6479
2
 0
 0
6480
1
 0
6481
1
 0
6483
2
 0
 0
6484
2
 0
 0
6485
2
 0
 0
6486
1
 0
6487
1
 0
6488
2
 0
 0
6489
1
 0
6491
2
 0
 0
6492
2
 0
 0
6493
3
 0
 0
 0
6494
2
 0
 0
6495
1
 0
6497
1
 0
6500
1
 0
6502
1
 0
6503
1
 0
6504
1
 0
6505
1
 0
6506
2
 0
 0
6507
1
 0
6508
1
 0
6509
2
 0
 0
6510
2
 0
 0
6511
3
 0
 0
 0
6512
1
 0
6514
2
 0
 0
6515
2
 0
 0
6516
3
 0
 0
 0
6517
1
 0
6518
2
 0
 0
6519
1
 0
6520
1
 0
6521
2
 0
 0
6522
1
 0
6523
2
 0
 0
6524
2
 0
 0
6525
3
 0
 0
 0
6526
2
 0
 0
6527
1
 0
6528
2
 0
 0
6529
2
 0
 0
6530
2
 0
 0
6531
2
 0
 0
6532
2
 0
 0
6533
1
 0
6534
1
 0
6535
1
 0
6536
2
 0
 0
6537
1
 0
6538
1
 0
6539
1
 0
6540
1
 0
6541
3
 0
 0
 0
6542
2
 0
 0
6543
2
 0
 0
6544
1
 0
6546
3
 0
 0
 0
6547
2
 0
 0
6548
3
 0
 0
 0
6549
1
 0
6550
1
 0
6551
2
 0
 0
6552
1
 0
6556
1
 0
6557
1
 0
6561
1
 0
6562
2
 0
 0
6563
1
 0
6564
1
 0
6565
2
 0
 0
6566
2
 0
 0
6567
2
 0
 0
6568
1
 0
6569
1
 0
6570
1
 0
6571
1
 0
6573
1
 0
6575
1
 0
6576
1
 0
6577
2
 0
 0
6578
1
 0
6579
1
 0
6581
2
 0
 0
6582
1
 0
6583
1
 0
6584
2
 0
 0
6585
1
 0
6586
3
 0
 0
 0
6587
2
 0
 0
6588
2
 0
 0
6589
1
 0
6590
1
 0
6591
2
 0
 0
6596
2
 0
 0
6597
1
 0
6598
1
 0
6599
1
 0
6600
2
 0
 0
6601
1
 0
6602
2
 0
 0
6603
1
 0
6604
2
 0
 0
6605
1
 0
6606
3
 0
 0
 0
6607
2
 0
 0
6608
1
 0
6609
2
 0
 0
6610
3
 0
 0
 0
6611
3
 0
 0
 0
6612
2
 0
 0
6613
3
 0
 0
 0
6614
2
 0
 0
6615
2
 0
 0
6616
1
 0
6620
1
 0
6621
1
 0
6622
1
 0
6623
1
 0
6624
1
 0
6625
1
 0
6626
3
 0
 0
 0
6627
3
 0
 0
 0
6628
2
 0
 0
6629
1
 0
6630
1
 0
6631
1
 0
6632
3
 0
 0
 0
6634
1
 0
6636
2
 0
 0
6637
2
 0
 0
6639
2
 0
 0
6640
1
 0
6641
3
 0
 0
 0
6642
1
 0
6645
1
 0
6646
1
 0
6647
1
 0
6648
1
 0
6649
3
 0
 0
 0
6650
3
 0
 0
 0
6651
2
 0
 0
6652
3
 0
 0
 0
6653
1
 0
6654
3
 0
 0
 0
6660
2
 0
 0
6661
1
 0
6663
2
 0
 0
6664
2
 0
 0
6665
1
 0
6666
1
 0
6667
1
 0
6668
1
 0
6671
1
 0
6673
1
 0
6674
1
 0
6676
1
 0
6677
1
 0
6678
1
 0
6679
4
 0
 0
 0
 0
6680
2
 0
 0
6681
2
 0
 0
6682
2
 0
 0
6683
1
 0
6684
1
 0
6685
1
 0
6686
3
 0
 0
 0
6687
2
 0
 0
6688
2
 0
 0
6689
1
 0
6690
1
 0
6691
2
 0
 0
6693
1
 0
6694
2
 0
 0
6696
2
 0
 0
6697
2
 0
 0
6698
1
 0
6699
1
 0
6700
2
 0
 0
6702
1
 0
6703
2
 0
 0
6704
2
 0
 0
6705
1
 0
6706
2
 0
 0
6707
2
 0
 0
6708
1
 0
6709
1
 0
6710
3
 0
 0
 0
6711
2
 0
 0
6713
2
 0
 0
6714
1
 0
6715
2
 0
 0
6716
1
 0
6717
1
 0
6718
1
 0
6719
1
 0
6720
2
 0
 0
6722
1
 0
6723
1
 0
6724
2
 0
 0
6726
1
 0
6728
2
 0
 0
6729
3
 0
 0
 0
6730
1
 0
6733
1
 0
6734
1
 0
6735
2
 0
 0
6736
1
 0
6737
2
 0
 0
6738
1
 0
6739
2
 0
 0
6742
2
 0
 0
6743
1
 0
6745
2
 0
 0
6746
1
 0
6747
2
 0
 0
6748
1
 0
6750
1
 0
6751
1
 0
6752
1
 0
6753
2
 0
 0
6754
1
 0
6757
1
 0
6758
2
 0
 0
6759
1
 0
6760
1
 0
6762
1
 0
6763
2
 0
 0
6764
2
 0
 0
6765
1
 0
6766
1
 0
6767
1
 0
6768
2
 0
 0
6770
2
 0
 0
6771
2
 0
 0
6772
1
 0
6774
3
 0
 0
 0
6775
2
 0
 0
6776
2
 0
 0
6777
2
 0
 0
6778
1
 0
6780
1
 0
6781
1
 0
6782
1
 0
6783
2
 0
 0
6784
2
 0
 0
6785
2
 0
 0
6787
1
 0
6788
1
 0
6789
1
 0
6790
1
 0
6791
2
 0
 0
6792
2
 0
 0
6793
2
 0
 0
6794
1
 0
6798
1
 0
6799
1
 0
6800
1
 0
6803
1
 0
6804
1
 0
6807
2
 0
 0
6809
1
 0
6810
1
 0
6811
1
 0
6812
1
 0
6813
2
 0
 0
6814
2
 0
 0
6815
2
 0
 0
6816
3
 0
 0
 0
6817
1
 0
6819
2
 0
 0
6820
1
 0
6821
1
 0
6822
2
 0
 0
6823
2
 0
 0
6824
2
 0
 0
6825
1
 0
6827
2
 0
 0
6828
1
 0
6832
1
 0
6833
1
 0
6834
2
 0
 0
6836
1
 0
6837
2
 0
 0
6840
1
 0
6841
1
 0
6842
1
 0
6844
2
 0
 0
6845
1
 0
6846
1
 0
6848
2
 0
 0
6849
1
 0
6850
1
 0
6851
2
 0
 0
6852
2
 0
 0
6853
1
 0
6854
2
 0
 0
6855
1
 0
6856
1
 0
6857
3
 0
 0
 0
6858
1
 0
6859
2
 0
 0
6860
1
 0
6861
1
 0
6862
1
 0
6863
1
 0
6864
1
 0
6865
2
 0
 0
6866
1
 0
6867
2
 0
 0
6868
1
 0
6877
1
 0
6878
2
 0
 0
6879
1
 0
6881
3
 0
 0
 0
6882
2
 0
 0
6883
1
 0
6884
1
 0
6885
1
 0
6886
2
 0
 0
6887
2
 0
 0
6888
2
 0
 0
6890
1
 0
6891
1
 0
6893
2
 0
 0
6894
3
 0
 0
 0
6895
2
 0
 0
6896
2
 0
 0
6897
2
 0
 0
6898
1
 0
6899
1
 0
6900
1
 0
6901
1
 0
6902
1
 0
6903
1
 0
6904
1
 0
6905
1
 0
6906
1
 0
6907
1
 0
6908
2
 0
 0
6909
1
 0
6910
1
 0
6911
2
 0
 0
6915
1
 0
6916
2
 0
 0
6917
1
 0
6918
2
 0
 0
6919
1
 0
6920
1
 0
6921
1
 0
6922
2
 0
 0
6923
2
 0
 0
6924
3
 0
 0
 0
6928
1
 0
6929
3
 0
 0
 0
6930
2
 0
 0
6931
1
 0
6932
2
 0
 0
6933
1
 0
6934
1
 0
6937
1
 0
6938
1
 0
6939
2
 0
 0
6942
1
 0
6943
1
 0
6944
2
 0
 0
6945
1
 0
6948
1
 0
6949
2
 0
 0
6950
1
 0
6951
2
 0
 0
6952
2
 0
 0
6953
2
 0
 0
6954
4
 0
 0
 0
 0
6955
1
 0
6956
2
 0
 0
6957
3
 0
 0
 0
6958
1
 0
6959
2
 0
 0
6967
1
 0
6968
1
 0
6969
2
 0
 0
6970
1
 0
6971
1
 0
6972
2
 0
 0
6973
3
 0
 0
 0
6974
2
 0
 0
6975
2
 0
 0
6976
1
 0
6977
1
 0
6978
2
 0
 0
6979
1
 0
6980
2
 0
 0
6981
3
 0
 0
 0
6982
2
 0
 0
6983
1
 0
6984
2
 0
 0
6985
1
 0
6986
3
 0
 0
 0
6987
2
 0
 0
6988
2
 0
 0
6989
3
 0
 0
 0
6990
1
 0
6992
1
 0
6993
2
 0
 0
6994
3
 0
 0
 0
6995
1
 0
6996
1
 0
6997
2
 0
 0
6998
2
 0
 0
6999
2
 0
 0
7000
1
 0
7001
1
 0
7002
1
 0
7003
2
 0
 0
7004
4
 0
 0
 0
 0
7005
2
 0
 0
7006
2
 0
 0
7007
2
 0
 0
7008
1
 0
7014
2
 0
 0
7015
3
 0
 0
 0
7016
2
 0
 0
7017
1
 0
7018
1
 0
7019
1
 0
7023
1
 0
7024
1
 0
7025
1
 0
7026
2
 0
 0
7027
1
 0
7028
2
 0
 0
7029
4
 0
 0
 0
 0
7030
1
 0
7031
1
 0
7032
1
 0
7033
1
 0
7034
1
 0
7035
1
 0
7036
2
 0
 0
7037
1
 0
7039
3
 0
 0
 0
7040
2
 0
 0
7041
1
 0
7042
2
 0
 0
7043
2
 0
 0
7044
2
 0
 0
7045
2
 0
 0
7046
2
 0
 0
7047
2
 0
 0
7050
1
 0
7051
1
 0
7052
1
 0
7053
1
 0
7054
1
 0
7055
2
 0
 0
7056
1
 0
7057
1
 0
7058
1
 0
7059
1
 0
7060
2
 0
 0
7063
3
 0
 0
 0
7064
1
 0
7065
2
 0
 0
7069
1
 0
7071
1
 0
7073
1
 0
7074
2
 0
 0
7075
1
 0
7076
2
 0
 0
7077
1
 0
7078
2
 0
 0
7079
1
 0
7080
3
 0
 0
 0
7082
1
 0
7083
1
 0
7084
2
 0
 0
7085
2
 0
 0
7086
2
 0
 0
7087
1
 0
7088
2
 0
 0
7089
1
 0
7090
2
 0
 0
7091
1
 0
7092
1
 0
7093
1
 0
7094
2
 0
 0
7095
2
 0
 0
7096
1
 0
7097
1
 0
7098
2
 0
 0
7099
2
 0
 0
7100
4
 0
 0
 0
 0
7101
2
 0
 0
7104
2
 0
 0
7105
2
 0
 0
7106
3
 0
 0
 0
7107
2
 0
 0
7110
1
 0
7111
2
 0
 0
7112
2
 0
 0
7113
2
 0
 0
7114
1
 0
7115
1
 0
7116
2
 0
 0
7118
3
 0
 0
 0
7119
2
 0
 0
7122
2
 0
 0
7123
2
 0
 0
7124
1
 0
7126
2
 0
 0
7127
2
 0
 0
7128
1
 0
7129
3
 0
 0
 0
7130
1
 0
7131
1
 0
7132
2
 0
 0
7133
1
 0
7134
1
 0
7135
3
 0
 0
 0
7136
3
 0
 0
 0
7137
1
 0
7141
1
 0
7143
1
 0
7144
1
 0
7145
1
 0
7147
1
 0
7148
1
 0
7149
3
 0
 0
 0
7150
1
 0
7152
2
 0
 0
7153
1
 0
7154
1
 0
7155
1
 0
7156
1
 0
7158
1
 0
7159
1
 0
7160
1
 0
7161
1
 0
7162
2
 0
 0
7163
2
 0
 0
7164
2
 0
 0
7165
2
 0
 0
7166
1
 0
7167
1
 0
7168
1
 0
7169
3
 0
 0
 0
7170
2
 0
 0
7172
1
 0
7173
2
 0
 0
7176
2
 0
 0
7177
2
 0
 0
7178
1
 0
7179
2
 0
 0
7180
1
 0
7181
1
 0
7182
1
 0
7184
1
 0
7185
2
 0
 0
7186
2
 0
 0
7187
1
 0
7188
1
 0
7189
1
 0
7190
2
 0
 0
7192
1
 0
7193
1
 0
7194
3
 0
 0
 0
7195
1
 0
7198
1
 0
7199
1
 0
7200
2
 0
 0
7201
2
 0
 0
7202
2
 0
 0
7203
1
 0
7204
1
 0
7208
2
 0
 0
7209
3
 0
 0
 0
7210
1
 0
7213
1
 0
7215
1
 0
7216
1
 0
7217
3
 0
 0
 0
7218
1
 0
7219
3
 0
 0
 0
7220
1
 0
7221
2
 0
 0
7222
1
 0
7223
1
 0
7224
3
 0
 0
 0
7225
1
 0
7226
2
 0
 0
7227
1
 0
7228
1
 0
7229
1
 0
7230
1
 0
7231
1
 0
7232
1
 0
7233
1
 0
7234
1
 0
7236
1
 0
7237
1
 0
7238
2
 0
 0
7239
1
 0
7240
2
 0
 0
7241
3
 0
 0
 0
7242
2
 0
 0
7243
3
 0
 0
 0
7244
3
 0
 0
 0
7245
2
 0
 0
7248
1
 0
7249
2
 0
 0
7250
2
 0
 0
7251
3
 0
 0
 0
7252
1
 0
7255
1
 0
7256
1
 0
7257
1
 0
7258
2
 0
 0
7259
1
 0
7260
1
 0
7261
1
 0
7262
2
 0
 0
7265
1
 0
7266
3
 0
 0
 0
7270
1
 0
7272
1
 0
7274
1
 0
7275
1
 0
7276
1
 0
7277
1
 0
7279
1
 0
7280
1
 0
7281
2
 0
 0
7282
1
 0
7283
1
 0
7284
1
 0
7285
2
 0
 0
7287
1
 0
7288
1
 0
7289
3
 0
 0
 0
7290
1
 0
7291
2
 0
 0
7292
1
 0
7293
1
 0
7294
1
 0
7295
1
 0
7296
1
 0
7298
1
 0
7299
1
 0
7301
2
 0
 0
7302
2
 0
 0
7303
2
 0
 0
7304
2
 0
 0
7305
2
 0
 0
7306
3
 0
 0
 0
7307
1
 0
7309
1
 0
7310
2
 0
 0
7311
2
 0
 0
7312
2
 0
 0
7313
2
 0
 0
7314
1
 0
7315
3
 0
 0
 0
7316
1
 0
7317
2
 0
 0
7320
2
 0
 0
7321
1
 0
7322
1
 0
7323
2
 0
 0
7324
2
 0
 0
7325
2
 0
 0
7326
3
 0
 0
 0
7327
1
 0
7328
1
 0
7329
1
 0
7330
1
 0
7331
1
 0
7332
1
 0
7333
2
 0
 0
7334
4
 0
 0
 0
 0
7335
1
 0
7338
1
 0
7339
1
 0
7341
1
 0
7342
1
 0
7343
1
 0
7344
2
 0
 0
7345
1
 0
7346
2
 0
 0
7347
1
 0
7348
1
 0
7349
1
 0
7350
2
 0
 0
7351
1
 0
7352
1
 0
7354
1
 0
7355
1
 0
7356
2
 0
 0
7357
1
 0
7358
1
 0
7359
1
 0
7363
1
 0
7364
3
 0
 0
 0
7365
2
 0
 0
7366
3
 0
 0
 0
7367
3
 0
 0
 0
7368
2
 0
 0
7369
3
 0
 0
 0
7370
2
 0
 0
7371
1
 0
7372
1
 0
7375
2
 0
 0
7376
1
 0
7377
1
 0
7379
1
 0
7380
1
 0
7384
2
 0
 0
7385
3
 0
 0
 0
7386
2
 0
 0
7387
3
 0
 0
 0
7388
1
 0
7389
1
 0
7391
1
 0
7392
1
 0
7393
1
 0
7394
2
 0
 0
7395
1
 0
7396
1
 0
7397
1
 0
7398
2
 0
 0
7399
3
 0
 0
 0
7400
2
 0
 0
7401
1
 0
7402
1
 0
7403
2
 0
 0
7404
2
 0
 0
7405
1
 0
7406
1
 0
7408
1
 0
7409
3
 0
 0
 0
7410
1
 0
7414
1
 0
7415
1
 0
7416
1
 0
7417
1
 0
7419
2
 0
 0
7420
2
 0
 0
7421
2
 0
 0
7422
1
 0
7423
1
 0
7424
3
 0
 0
 0
7425
2
 0
 0
7426
3
 0
 0
 0
7427
1
 0
7428
1
 0
7429
4
 0
 0
 0
 0
7432
1
 0
7433
1
 0
7434
2
 0
 0
7435
2
 0
 0
7436
1
 0
7439
2
 0
 0
7440
1
 0
7442
1
 0
7443
1
 0
7444
3
 0
 0
 0
7445
1
 0
7446
2
 0
 0
7447
2
 0
 0
7448
2
 0
 0
7449
1
 0
7450
1
 0
7452
1
 0
7455
1
 0
7456
2
 0
 0
7457
1
 0
7459
1
 0
7460
1
 0
7461
1
 0
7462
2
 0
 0
7464
1
 0
7465
1
 0
7466
1
 0
7467
2
 0
 0
7468
1
 0
7469
1
 0
7470
2
 0
 0
7471
1
 0
7474
2
 0
 0
7475
1
 0
7476
1
 0
7477
1
 0
7478
1
 0
7482
1
 0
7484
1
 0
7485
2
 0
 0
7486
3
 0
 0
 0
7487
1
 0
7489
1
 0
7491
1
 0
7492
2
 0
 0
7494
2
 0
 0
7495
2
 0
 0
7496
1
 0
7497
1
 0
7499
1
 0
7500
1
 0
7501
1
 0
7502
2
 0
 0
7503
3
 0
 0
 0
7504
2
 0
 0
7505
2
 0
 0
7506
3
 0
 0
 0
7507
1
 0
7508
1
 0
7509
1
 0
7510
1
 0
7511
2
 0
 0
7512
1
 0
7514
2
 0
 0
7515
1
 0
7516
2
 0
 0
7517
1
 0
7518
1
 0
7520
1
 0
7522
2
 0
 0
7524
1
 0
7525
1
 0
7526
1
 0
7529
1
 0
7530
2
 0
 0
7531
1
 0
7533
2
 0
 0
7534
1
 0
7536
1
 0
7538
2
 0
 0
7539
2
 0
 0
7541
1
 0
7544
1
 0
7545
1
 0
7546
1
 0
7548
2
 0
 0
7549
1
 0
7550
1
 0
7551
1
 0
7552
1
 0
7555
1
 0
7556
3
 0
 0
 0
7557
2
 0
 0
7558
2
 0
 0
7559
1
 0
7560
1
 0
7561
1
 0
7562
1
 0
7563
1
 0
7566
2
 0
 0
7567
1
 0
7568
1
 0
7569
1
 0
7570
1
 0
7571
1
 0
7572
1
 0
7573
1
 0
7574
2
 0
 0
7575
2
 0
 0
7576
3
 0
 0
 0
7577
1
 0
7578
1
 0
7579
1
 0
7580
1
 0
7581
1
 0
7582
2
 0
 0
7583
1
 0
7584
1
 0
7585
1
 0
7586
1
 0
7587
2
 0
 0
7588
2
 0
 0
7589
1
 0
7590
1
 0
7591
2
 0
 0
7592
4
 0
 0
 0
 0
7593
1
 0
7594
1
 0
7596
1
 0
7599
1
 0
7600
2
 0
 0
7601
1
 0
7602
1
 0
7604
1
 0
7605
2
 0
 0
7606
1
 0
7607
2
 0
 0
7608
1
 0
7609
2
 0
 0
7610
1
 0
7612
1
 0
7613
1
 0
7615
1
 0
7616
1
 0
7617
1
 0
7618
1
 0
7620
1
 0
7621
1
 0
7622
2
 0
 0
7623
1
 0
7625
2
 0
 0
7626
1
 0
7627
1
 0
7629
2
 0
 0
7630
1
 0
7635
1
 0
7636
2
 0
 0
7637
1
 0
7638
1
 0
7639
2
 0
 0
7640
2
 0
 0
7641
1
 0
7646
1
 0
7649
2
 0
 0
7650
3
 0
 0
 0
7651
1
 0
7653
2
 0
 0
7654
2
 0
 0
7655
2
 0
 0
7656
1
 0
7657
1
 0
7658
2
 0
 0
7659
1
 0
7660
1
 0
7661
3
 0
 0
 0
7662
2
 0
 0
7663
1
 0
7664
2
 0
 0
7665
1
 0
7666
2
 0
 0
7667
2
 0
 0
7668
2
 0
 0
7669
2
 0
 0
7673
1
 0
7674
1
 0
7676
2
 0
 0
7677
2
 0
 0
7678
2
 0
 0
7679
2
 0
 0
7680
1
 0
7681
1
 0
7682
1
 0
7684
1
 0
7686
2
 0
 0
7687
1
 0
7689
1
 0
7690
1
 0
7691
1
 0
7694
1
 0
7697
1
 0
7698
1
 0
7699
1
 0
7701
1
 0
7702
1
 0
7703
2
 0
 0
7709
1
 0
7710
2
 0
 0
7711
1
 0
7712
1
 0
7713
1
 0
7715
2
 0
 0
7716
1
 0
7717
1
 0
7718
1
 0
7719
1
 0
7720
2
 0
 0
7721
1
 0
7722
1
 0
7723
2
 0
 0
7724
1
 0
7725
1
 0
7727
2
 0
 0
7729
2
 0
 0
7730
1
 0
7731
2
 0
 0
7732
3
 0
 0
 0
7733
2
 0
 0
7734
2
 0
 0
7735
1
 0
7736
2
 0
 0
7737
1
 0
7738
2
 0
 0
7739
1
 0
7740
1
 0
7743
2
 0
 0
7744
1
 0
7745
1
 0
7746
1
 0
7747
1
 0
7748
1
 0
7749
1
 0
7750
1
 0
7751
1
 0
7752
4
 0
 0
 0
 0
7753
1
 0
7754
1
 0
7755
2
 0
 0
7756
2
 0
 0
7757
3
 0
 0
 0
7758
1
 0
7759
2
 0
 0
7760
2
 0
 0
7761
1
 0
7762
3
 0
 0
 0
7763
2
 0
 0
7764
2
 0
 0
7765
2
 0
 0
7767
2
 0
 0
7768
3
 0
 0
 0
7769
1
 0
7770
1
 0
7771
2
 0
 0
7772
2
 0
 0
7774
1
 0
7775
1
 0
7776
1
 0
7777
2
 0
 0
7778
2
 0
 0
7779
1
 0
7780
1
 0
7781
1
 0
7782
1
 0
7788
1
 0
7789
1
 0
7790
1
 0
7791
1
 0
7792
2
 0
 0
7793
1
 0
7794
1
 0
7796
2
 0
 0
7797
2
 0
 0
7798
1
 0
7799
1
 0
7802
1
 0
7803
1
 0
7804
1
 0
7805
1
 0
7806
2
 0
 0
7807
2
 0
 0
7808
2
 0
 0
7809
1
 0
7810
1
 0
7811
1
 0
7812
1
 0
7814
2
 0
 0
7815
2
 0
 0
7816
2
 0
 0
7817
2
 0
 0
7822
3
 0
 0
 0
7823
2
 0
 0
7824
1
 0
7825
1
 0
7826
1
 0
7827
2
 0
 0
7828
1
 0
7829
2
 0
 0
7831
1
 0
7832
1
 0
7833
1
 0
7834
1
 0
7835
2
 0
 0
7836
1
 0
7837
3
 0
 0
 0
7838
1
 0
7839
1
 0
7840
2
 0
 0
7841
2
 0
 0
7842
3
 0
 0
 0
7843
2
 0
 0
7844
2
 0
 0
7845
1
 0
7846
2
 0
 0
7847
2
 0
 0
7848
1
 0
7849
1
 0
7850
1
 0
7851
2
 0
 0
7852
4
 0
 0
 0
 0
7853
1
 0
7854
2
 0
 0
7855
1
 0
7856
1
 0
7857
1
 0
7858
1
 0
7859
1
 0
7860
1
 0
7861
2
 0
 0
7862
3
 0
 0
 0
7863
1
 0
7864
1
 0
7865
1
 0
7866
1
 0
7867
1
 0
7870
2
 0
 0
7871
2
 0
 0
7872
1
 0
7873
1
 0
7874
1
 0
7876
1
 0
7877
1
 0
7879
2
 0
 0
7880
1
 0
7881
2
 0
 0
7882
2
 0
 0
7884
2
 0
 0
7885
1
 0
7886
1
 0
7887
1
 0
7888
1
 0
7894
1
 0
7895
1
 0
7896
1
 0
7897
1
 0
7898
2
 0
 0
7900
1
 0
7901
1
 0
7902
2
 0
 0
7903
1
 0
7904
1
 0
7906
1
 0
7907
2
 0
 0
7908
2
 0
 0
7910
1
 0
7911
1
 0
7912
2
 0
 0
7913
2
 0
 0
7914
2
 0
 0
7915
3
 0
 0
 0
7916
2
 0
 0
7917
1
 0
7918
2
 0
 0
7919
2
 0
 0
7920
2
 0
 0
7921
1
 0
7922
1
 0
7923
1
 0
7925
1
 0
7926
3
 0
 0
 0
7927
1
 0
7928
2
 0
 0
7929
2
 0
 0
7930
2
 0
 0
7932
1
 0
7933
1
 0
7934
2
 0
 0
7935
1
 0
7936
2
 0
 0
7937
2
 0
 0
7938
1
 0
7940
1
 0
7946
2
 0
 0
7949
1
 0
7950
1
 0
7951
2
 0
 0
7953
2
 0
 0
7954
2
 0
 0
7955
1
 0
7956
1
 0
7957
1
 0
7958
2
 0
 0
7959
2
 0
 0
7960
1
 0
7961
1
 0
7962
1
 0
7963
1
 0
7964
1
 0
7966
1
 0
7967
1
 0
7968
1
 0
7969
3
 0
 0
 0
7970
3
 0
 0
 0
7972
1
 0
7973
1
 0
7979
2
 0
 0
7980
1
 0
7984
1
 0
7985
2
 0
 0
7986
2
 0
 0
7987
2
 0
 0
7990
1
 0
7992
2
 0
 0
7994
2
 0
 0
7995
1
 0
7996
1
 0
7997
1
 0
7998
1
 0
7999
1
 0
8000
1
 0
8001
2
 0
 0
8002
2
 0
 0
8003
2
 0
 0
8004
2
 0
 0
8005
1
 0
8006
1
 0
8007
1
 0
8008
1
 0
8009
2
 0
 0
8010
2
 0
 0
8012
1
 0
8017
1
 0
8018
1
 0
8020
1
 0
8021
1
 0
8022
1
 0
8023
1
 0
8024
1
 0
8025
1
 0
8026
2
 0
 0
8027
2
 0
 0
8028
2
 0
 0
8030
1
 0
8031
2
 0
 0
8035
1
 0
8036
1
 0
8038
1
 0
8039
1
 0
8040
1
 0
8041
2
 0
 0
8042
1
 0
8044
2
 0
 0
8045
1
 0
8047
1
 0
8048
1
 0
8049
1
 0
8051
2
 0
 0
8053
2
 0
 0
8054
1
 0
8055
1
 0
8056
2
 0
 0
8058
1
 0
8059
2
 0
 0
8062
1
 0
8063
1
 0
8064
2
 0
 0
8066
1
 0
8067
1
 0
8068
1
 0
8070
1
 0
8071
1
 0
8072
2
 0
 0
8073
2
 0
 0
8075
1
 0
8076
1
 0
8077
2
 0
 0
8078
2
 0
 0
8079
1
 0
8081
1
 0
8082
2
 0
 0
8083
1
 0
8084
2
 0
 0
8085
1
 0
8086
1
 0
8087
2
 0
 0
8088
2
 0
 0
8089
2
 0
 0
8090
3
 0
 0
 0
8091
1
 0
8092
1
 0
8094
1
 0
8095
2
 0
 0
8096
1
 0
8097
2
 0
 0
8098
2
 0
 0
8100
1
 0
8101
1
 0
8102
1
 0
8103
1
 0
8108
1
 0
8110
1
 0
8111
3
 0
 0
 0
8112
1
 0
8113
3
 0
 0
 0
8114
2
 0
 0
8116
2
 0
 0
8117
1
 0
8118
2
 0
 0
8119
1
 0
8121
1
 0
8122
2
 0
 0
8123
3
 0
 0
 0
8124
2
 0
 0
8125
2
 0
 0
8127
1
 0
8128
2
 0
 0
8129
1
 0
8130
1
 0
8131
1
 0
8134
2
 0
 0
8135
3
 0
 0
 0
8136
2
 0
 0
8138
1
 0
8139
2
 0
 0
8140
1
 0
8142
1
 0
8144
1
 0
8147
2
 0
 0
8148
1
 0
8149
2
 0
 0
8152
1
 0
8153
1
 0
8154
1
 0
8155
1
 0
8157
1
 0
8159
2
 0
 0
8160
2
 0
 0
8161
2
 0
 0
8162
3
 0
 0
 0
8163
2
 0
 0
8164
1
 0
8165
2
 0
 0
8166
1
 0
8167
2
 0
 0
8169
1
 0
8170
1
 0
8171
1
 0
8172
2
 0
 0
8173
1
 0
8174
1
 0
8177
2
 0
 0
8178
1
 0
8179
1
 0
8180
1
 0
8181
2
 0
 0
8182
3
 0
 0
 0
8183
1
 0
8185
2
 0
 0
8186
2
 0
 0
8187
3
 0
 0
 0
8189
1
 0
8190
1
 0
8191
1
 0
8192
1
 0
8193
1
 0
8194
1
 0
8195
1
 0
8196
1
 0
8202
1
 0
8203
1
 0
8204
1
 0
8205
2
 0
 0
8206
1
 0
8207
4
 0
 0
 0
 0
8208
2
 0
 0
8209
2
 0
 0
8210
1
 0
8211
3
 0
 0
 0
8212
3
 0
 0
 0
8213
2
 0
 0
8214
2
 0
 0
8215
2
 0
 0
8216
2
 0
 0
8217
3
 0
 0
 0
8218
2
 0
 0
8219
3
 0
 0
 0
8220
2
 0
 0
8221
2
 0
 0
8222
3
 0
 0
 0
8223
1
 0
8224
1
 0
8225
1
 0
8226
1
 0
8227
2
 0
 0
8228
1
 0
8229
1
 0
8230
1
 0
8231
1
 0
8232
1
 0
8235
1
 0
8236
1
 0
8237
1
 0
8239
1
 0
8240
2
 0
 0
8241
2
 0
 0
8242
2
 0
 0
8244
1
 0
8245
1
 0
8246
1
 0
8247
1
 0
8248
1
 0
8249
1
 0
8251
1
 0
8252
1
 0
8254
1
 0
8255
1
 0
8256
2
 0
 0
8257
2
 0
 0
8259
1
 0
8260
1
 0
8261
1
 0
8262
1
 0
8263
1
 0
8264
1
 0
8265
3
 0
 0
 0
8266
2
 0
 0
8267
2
 0
 0
8268
1
 0
8269
1
 0
8270
1
 0
8271
1
 0
8272
3
 0
 0
 0
8273
1
 0
8274
1
 0
8275
1
 0
8276
1
 0
8277
1
 0
8280
1
 0
8281
2
 0
 0
8283
2
 0
 0
8284
1
 0
8285
2
 0
 0
8287
1
 0
8288
1
 0
8289
1
 0
8290
1
 0
8291
2
 0
 0
8292
1
 0
8293
2
 0
 0
8294
2
 0
 0
8295
2
 0
 0
8296
2
 0
 0
8297
2
 0
 0
8299
1
 0
8307
1
 0
8308
1
 0
8309
1
 0
8310
2
 0
 0
8311
2
 0
 0
8312
1
 0
8313
3
 0
 0
 0
8314
1
 0
8315
1
 0
8316
1
 0
8317
2
 0
 0
8318
1
 0
8319
1
 0
8320
1
 0
8321
1
 0
8322
2
 0
 0
8323
1
 0
8324
1
 0
8325
2
 0
 0
8326
1
 0
8329
2
 0
 0
8330
1
 0
8333
1
 0
8334
1
 0
8339
2
 0
 0
8341
1
 0
8344
1
 0
8345
1
 0
8347
1
 0
8348
1
 0
8350
2
 0
 0
8351
1
 0
8352
1
 0
8353
1
 0
8354
1
 0
8357
4
 0
 0
 0
 0
8358
1
 0
8359
2
 0
 0
8360
2
 0
 0
8361
2
 0
 0
8362
2
 0
 0
8363
2
 0
 0
8364
1
 0
8365
1
 0
8366
1
 0
8367
1
 0
8369
2
 0
 0
8370
2
 0
 0
8371
2
 0
 0
8372
2
 0
 0
8373
1
 0
8374
1
 0
8375
1
 0
8376
1
 0
8382
1
 0
8383
1
 0
8384
2
 0
 0
8385
3
 0
 0
 0
8386
1
 0
8387
2
 0
 0
8388
1
 0
8389
2
 0
 0
8390
1
 0
8391
2
 0
 0
8392
2
 0
 0
8393
2
 0
 0
8394
1
 0
8395
2
 0
 0
8396
3
 0
 0
 0
8397
2
 0
 0
8398
1
 0
8399
1
 0
8400
1
 0
8402
3
 0
 0
 0
8403
3
 0
 0
 0
8404
3
 0
 0
 0
8405
2
 0
 0
8406
1
 0
8407
1
 0
8408
2
 0
 0
8413
2
 0
 0
8414
2
 0
 0
8415
1
 0
8417
1
 0
8418
1
 0
8419
1
 0
8420
1
 0
8421
1
 0
8422
2
 0
 0
8423
1
 0
8424
3
 0
 0
 0
8427
1
 0
8428
1
 0
8431
2
 0
 0
8434
1
 0
8437
1
 0
8442
2
 0
 0
8443
2
 0
 0
8444
3
 0
 0
 0
8446
2
 0
 0
8448
2
 0
 0
8449
1
 0
8450
1
 0
8456
1
 0
8457
1
 0
8458
1
 0
8459
3
 0
 0
 0
8460
2
 0
 0
8461
2
 0
 0
8462
1
 0
8463
2
 0
 0
8466
1
 0
8467
1
 0
8468
1
 0
8469
1
 0
8471
1
 0
8472
1
 0
8473
2
 0
 0
8474
1
 0
8475
1
 0
8476
2
 0
 0
8477
2
 0
 0
8478
2
 0
 0
8479
1
 0
8480
1
 0
8481
1
 0
8482
1
 0
8488
1
 0
8489
1
 0
8490
1
 0
8491
2
 0
 0
8493
2
 0
 0
8494
2
 0
 0
8495
2
 0
 0
8496
2
 0
 0
8497
2
 0
 0
8498
1
 0
8501
1
 0
8502
1
 0
8505
2
 0
 0
8506
1
 0
8508
2
 0
 0
8511
1
 0
8513
1
 0
8514
2
 0
 0
8515
1
 0
8516
2
 0
 0
8517
1
 0
8518
1
 0
8520
2
 0
 0
8521
1
 0
8522
1
 0
8524
1
 0
8530
1
 0
8531
2
 0
 0
8532
2
 0
 0
8533
1
 0
8534
2
 0
 0
8535
1
 0
8536
1
 0
8537
2
 0
 0
8538
1
 0
8541
1
 0
8542
2
 0
 0
8543
2
 0
 0
8544
1
 0
8545
2
 0
 0
8546
2
 0
 0
8547
1
 0
8548
1
 0
8550
1
 0
8551
1
 0
8552
2
 0
 0
8553
1
 0
8554
2
 0
 0
8555
2
 0
 0
8556
2
 0
 0
8565
1
 0
8567
2
 0
 0
8568
1
 0
8569
4
 0
 0
 0
 0
8570
1
 0
8571
1
 0
8572
1
 0
8575
1
 0
8576
1
 0
8577
1
 0
8578
1
 0
8579
2
 0
 0
8580
2
 0
 0
8583
1
 0
8584
1
 0
8585
1
 0
8586
1
 0
8587
1
 0
8588
1
 0
8589
1
 0
8592
1
 0
8593
1
 0
8594
1
 0
8595
3
 0
 0
 0
8596
1
 0
8597
1
 0
8598
1
 0
8600
1
 0
8601
1
 0
8602
1
 0
8603
1
 0
8606
1
 0
8607
2
 0
 0
8608
1
 0
8610
1
 0
8611
1
 0
8612
1
 0
8613
1
 0
8614
2
 0
 0
8615
1
 0
8620
2
 0
 0
8621
1
 0
8622
1
 0
8623
1
 0
8624
2
 0
 0
8625
3
 0
 0
 0
8626
1
 0
8627
1
 0
8628
1
 0
8629
1
 0
8630
3
 0
 0
 0
8631
2
 0
 0
8632
1
 0
8633
3
 0
 0
 0
8634
2
 0
 0
8635
4
 0
 0
 0
 0
8636
1
 0
8637
1
 0
8638
1
 0
8639
1
 0
8640
1
 0
8642
1
 0
8643
2
 0
 0
8644
3
 0
 0
 0
8645
4
 0
 0
 0
 0
8646
1
 0
8647
1
 0
8648
1
 0
8649
2
 0
 0
8650
2
 0
 0
8651
1
 0
8652
1
 0
8653
1
 0
8654
1
 0
8655
2
 0
 0
8656
1
 0
8657
1
 0
8658
1
 0
8660
2
 0
 0
8663
2
 0
 0
8664
2
 0
 0
8665
3
 0
 0
 0
8666
1
 0
8667
1
 0
8668
1
 0
8669
1
 0
8670
1
 0
8678
1
 0
8679
1
 0
8681
1
 0
8682
1
 0
8683
1
 0
8685
3
 0
 0
 0
8686
1
 0
8687
2
 0
 0
8689
1
 0
8690
3
 0
 0
 0
8691
1
 0
8692
1
 0
8695
2
 0
 0
8696
1
 0
8697
1
 0
8698
3
 0
 0
 0
8699
1
 0
8700
2
 0
 0
8701
2
 0
 0
8702
1
 0
8703
1
 0
8705
1
 0
8706
2
 0
 0
8707
2
 0
 0
8708
1
 0
8709
2
 0
 0
8713
2
 0
 0
8714
1
 0
8715
1
 0
8717
2
 0
 0
8718
1
 0
8721
1
 0
8722
1
 0
8723
1
 0
8724
1
 0
8726
2
 0
 0
8727
1
 0
8728
1
 0
8729
1
 0
8730
2
 0
 0
8731
2
 0
 0
8733
1
 0
8734
2
 0
 0
8735
2
 0
 0
8736
2
 0
 0
8737
2
 0
 0
8739
1
 0
8740
2
 0
 0
8741
2
 0
 0
8742
2
 0
 0
8743
1
 0
8744
1
 0
8745
2
 0
 0
8746
3
 0
 0
 0
8747
1
 0
8748
2
 0
 0
8749
2
 0
 0
8750
1
 0
8751
3
 0
 0
 0
8752
1
 0
8759
1
 0
8761
1
 0
8762
1
 0
8763
2
 0
 0
8764
2
 0
 0
8765
1
 0
8766
1
 0
8769
1
 0
8770
2
 0
 0
8771
3
 0
 0
 0
8772
1
 0
8773
1
 0
8774
2
 0
 0
8775
2
 0
 0
8776
1
 0
8777
3
 0
 0
 0
8778
2
 0
 0
8779
1
 0
8780
2
 0
 0
8781
1
 0
8785
1
 0
8787
1
 0
8788
1
 0
8789
1
 0
8790
1
 0
8791
1
 0
8792
1
 0
8793
2
 0
 0
8794
1
 0
8795
1
 0
8796
2
 0
 0
8797
2
 0
 0
8798
3
 0
 0
 0
8799
1
 0
8800
1
 0
8801
1
 0
8803
1
 0
8804
2
 0
 0
8805
1
 0
8806
1
 0
8809
1
 0
8811
1
 0
8814
1
 0
8815
2
 0
 0
8817
1
 0
8818
2
 0
 0
8819
1
 0
8820
3
 0
 0
 0
8821
1
 0
8822
2
 0
 0
8823
2
 0
 0
8824
1
 0
8831
1
 0
8832
1
 0
8833
1
 0
8835
1
 0
8836
2
 0
 0
8837
1
 0
8838
1
 0
8839
1
 0
8841
1
 0
8842
2
 0
 0
8843
3
 0
 0
 0
8844
2
 0
 0
8845
1
 0
8846
1
 0
8847
1
 0
8848
1
 0
8849
3
 0
 0
 0
8850
3
 0
 0
 0
8851
2
 0
 0
8852
1
 0
8853
1
 0
8857
1
 0
8859
1
 0
8860
2
 0
 0
8862
1
 0
8863
2
 0
 0
8864
1
 0
8865
2
 0
 0
8868
1
 0
8869
1
 0
8870
1
 0
8871
2
 0
 0
8872
2
 0
 0
8873
1
 0
8874
1
 0
8875
1
 0
8876
2
 0
 0
8877
1
 0
8878
1
 0
8879
1
 0
8880
1
 0
8881
2
 0
 0
8883
1
 0
8887
3
 0
 0
 0
8888
2
 0
 0
8889
1
 0
8890
2
 0
 0
8891
3
 0
 0
 0
8892
2
 0
 0
8893
2
 0
 0
8894
4
 0
 0
 0
 0
8895
1
 0
8896
1
 0
8898
1
 0
8902
2
 0
 0
8903
2
 0
 0
8904
1
 0
8905
2
 0
 0
8907
1
 0
8908
2
 0
 0
8909
2
 0
 0
8910
1
 0
8911
2
 0
 0
8912
1
 0
8913
1
 0
8914
1
 0
8915
2
 0
 0
8916
1
 0
8917
1
 0
8918
1
 0
8919
2
 0
 0
8920
1
 0
8921
1
 0
8923
2
 0
 0
8924
3
 0
 0
 0
8925
1
 0
8929
2
 0
 0
8930
2
 0
 0
8931
1
 0
8932
2
 0
 0
8933
1
 0
8934
1
 0
8935
1
 0
8936
1
 0
8937
1
 0
8939
1
 0
8940
2
 0
 0
8941
1
 0
8943
2
 0
 0
8944
2
 0
 0
8945
2
 0
 0
8946
2
 0
 0
8947
1
 0
8948
2
 0
 0
8949
1
 0
8950
1
 0
8951
2
 0
 0
8952
2
 0
 0
8953
2
 0
 0
8954
2
 0
 0
8955
1
 0
8957
1
 0
8959
1
 0
8960
1
 0
8963
2
 0
 0
8964
1
 0
8965
2
 0
 0
8966
2
 0
 0
8968
2
 0
 0
8969
2
 0
 0
8970
2
 0
 0
8973
1
 0
8974
2
 0
 0
8977
1
 0
8979
1
 0
8980
2
 0
 0
8981
2
 0
 0
8983
1
 0
8984
1
 0
8985
2
 0
 0
8989
1
 0
8990
1
 0
8991
2
 0
 0
8992
1
 0
8993
2
 0
 0
8994
1
 0
8995
3
 0
 0
 0
8996
1
 0
8997
2
 0
 0
8999
1
 0
9000
1
 0
9001
1
 0
9002
1
 0
9003
1
 0
9004
2
 0
 0
9005
4
 0
 0
 0
 0
9006
1
 0
9007
1
 0
9009
1
 0
9013
1
 0
9014
1
 0
9015
1
 0
9016
1
 0
9017
1
 0
9018
1
 0
9019
1
 0
9020
2
 0
 0
9021
1
 0
9022
1
 0
9023
1
 0
9024
1
 0
9025
3
 0
 0
 0
9026
3
 0
 0
 0
9027
2
 0
 0
9028
2
 0
 0
9029
1
 0
9030
2
 0
 0
9031
2
 0
 0
9032
1
 0
9033
1
 0
9035
2
 0
 0
9036
1
 0
9037
1
 0
9038
1
 0
9039
1
 0
9040
1
 0
9041
1
 0
9042
1
 0
9043
2
 0
 0
9044
1
 0
9045
2
 0
 0
9046
2
 0
 0
9047
2
 0
 0
9048
3
 0
 0
 0
9050
2
 0
 0
9051
1
 0
9052
1
 0
9053
1
 0
9054
2
 0
 0
9055
2
 0
 0
9061
1
 0
9062
1
 0
9063
1
 0
9064
1
 0
9065
1
 0
9068
1
 0
9069
1
 0
9070
2
 0
 0
9071
2
 0
 0
9072
2
 0
 0
9073
2
 0
 0
9074
1
 0
9075
1
 0
9076
1
 0
9077
1
 0
9078
1
 0
9079
1
 0
9080
2
 0
 0
9081
2
 0
 0
9082
2
 0
 0
9083
2
 0
 0
9084
2
 0
 0
9085
2
 0
 0
9086
1
 0
9088
1
 0
9089
1
 0
9090
3
 0
 0
 0
9093
1
 0
9094
1
 0
9095
2
 0
 0
9096
1
 0
9097
2
 0
 0
9098
1
 0
9099
1
 0
9100
4
 0
 0
 0
 0
9101
2
 0
 0
9102
1
 0
9103
2
 0
 0
9104
1
 0
9105
3
 0
 0
 0
9106
1
 0
9108
2
 0
 0
9109
2
 0
 0
9110
1
 0
9111
1
 0
9113
3
 0
 0
 0
9114
2
 0
 0
9115
3
 0
 0
 0
9116
1
 0
9117
1
 0
9119
2
 0
 0
9121
1
 0
9122
1
 0
9123
1
 0
9125
1
 0
9128
2
 0
 0
9129
1
 0
9130
2
 0
 0
9131
1
 0
9132
2
 0
 0
9133
1
 0
9134
2
 0
 0
9135
1
 0
9136
2
 0
 0
9137
1
 0
9139
2
 0
 0
9140
1
 0
9142
1
 0
9143
2
 0
 0
9146
2
 0
 0
9147
2
 0
 0
9148
2
 0
 0
9149
3
 0
 0
 0
9150
2
 0
 0
9151
3
 0
 0
 0
9152
2
 0
 0
9153
1
 0
9155
1
 0
9157
1
 0
9158
2
 0
 0
9159
1
 0
9160
2
 0
 0
9163
1
 0
9164
2
 0
 0
9165
1
 0
9168
1
 0
9169
2
 0
 0
9170
2
 0
 0
9171
1
 0
9172
2
 0
 0
9173
1
 0
9174
2
 0
 0
9175
2
 0
 0
9176
2
 0
 0
9177
1
 0
9178
3
 0
 0
 0
9179
2
 0
 0
9180
2
 0
 0
9182
2
 0
 0
9184
1
 0
9185
2
 0
 0
9186
1
 0
9187
1
 0
9188
2
 0
 0
9189
2
 0
 0
9190
3
 0
 0
 0
9191
2
 0
 0
9192
1
 0
9193
2
 0
 0
9194
1
 0
9195
1
 0
9197
2
 0
 0
9198
1
 0
9199
1
 0
9200
1
 0
9201
1
 0
9202
1
 0
9203
1
 0
9204
2
 0
 0
9205
1
 0
9206
2
 0
 0
9208
2
 0
 0
9210
2
 0
 0
9211
1
 0
9212
1
 0
9213
2
 0
 0
9214
2
 0
 0
9215
1
 0
9216
1
 0
9217
2
 0
 0
9218
2
 0
 0
9219
2
 0
 0
9220
2
 0
 0
9221
3
 0
 0
 0
9222
3
 0
 0
 0
9223
2
 0
 0
9224
1
 0
9225
1
 0
9226
1
 0
9227
1
 0
9229
1
 0
9230
1
 0
9231
2
 0
 0
9232
1
 0
9233
1
 0
9234
2
 0
 0
9238
2
 0
 0
9239
1
 0
9243
2
 0
 0
9244
1
 0
9247
2
 0
 0
9248
1
 0
9249
2
 0
 0
9252
2
 0
 0
9254
3
 0
 0
 0
9255
1
 0
9256
2
 0
 0
9258
1
 0
9261
1
 0
9262
2
 0
 0
9263
2
 0
 0
9264
1
 0
9265
1
 0
9266
2
 0
 0
9267
1
 0
9268
3
 0
 0
 0
9269
2
 0
 0
9271
1
 0
9272
1
 0
9275
2
 0
 0
9276
1
 0
9278
2
 0
 0
9279
1
 0
9280
1
 0
9281
2
 0
 0
9282
3
 0
 0
 0
9283
2
 0
 0
9284
3
 0
 0
 0
9286
1
 0
9287
1
 0
9288
1
 0
9289
2
 0
 0
9292
1
 0
9293
2
 0
 0
9294
2
 0
 0
9296
2
 0
 0
9297
2
 0
 0
9298
1
 0
9299
1
 0
9300
1
 0
9301
1
 0
9303
1
 0
9304
1
 0
9305
2
 0
 0
9306
2
 0
 0
9307
1
 0
9308
1
 0
9311
1
 0
9312
2
 0
 0
9313
1
 0
9317
1
 0
9318
2
 0
 0
9321
1
 0
9323
1
 0
9324
1
 0
9326
2
 0
 0
9328
1
 0
9329
1
 0
9330
2
 0
 0
9331
2
 0
 0
9332
1
 0
9334
1
 0
9335
1
 0
9337
2
 0
 0
9338
2
 0
 0
9339
1
 0
9340
2
 0
 0
9341
2
 0
 0
9342
2
 0
 0
9343
1
 0
9344
1
 0
9345
1
 0
9346
1
 0
9348
1
 0
9349
2
 0
 0
9352
2
 0
 0
9353
1
 0
9354
1
 0
9355
2
 0
 0
9357
2
 0
 0
9358
2
 0
 0
9360
3
 0
 0
 0
9361
2
 0
 0
9362
1
 0
9363
1
 0
9364
1
 0
9365
1
 0
9366
1
 0
9368
3
 0
 0
 0
9369
1
 0
9370
2
 0
 0
9371
3
 0
 0
 0
9372
3
 0
 0
 0
9373
2
 0
 0
9374
1
 0
9377
1
 0
9378
1
 0
9379
1
 0
9380
1
 0
9381
2
 0
 0
9382
2
 0
 0
9383
2
 0
 0
9384
2
 0
 0
9385
1
 0
9386
1
 0
9387
1
 0
9390
1
 0
9391
2
 0
 0
9392
2
 0
 0
9395
1
 0
9396
1
 0
9397
1
 0
9398
2
 0
 0
9399
2
 0
 0
9400
3
 0
 0
 0
9402
1
 0
9403
2
 0
 0
9405
1
 0
9406
2
 0
 0
9407
1
 0
9408
2
 0
 0
9409
1
 0
9410
1
 0
9411
1
 0
9413
2
 0
 0
9414
1
 0
9415
1
 0
9416
1
 0
9417
1
 0
9418
1
 0
9419
1
 0
9420
1
 0
9421
1
 0
9422
3
 0
 0
 0
9423
3
 0
 0
 0
9424
1
 0
9425
1
 0
9426
2
 0
 0
9427
2
 0
 0
9428
1
 0
9429
1
 0
9432
1
 0
9433
1
 0
9434
1
 0
9435
1
 0
9436
1
 0
9437
1
 0
9438
3
 0
 0
 0
9439
1
 0
9440
1
 0
9441
1
 0
9442
1
 0
9443
2
 0
 0
9444
2
 0
 0
9445
2
 0
 0
9446
1
 0
9447
2
 0
 0
9448
2
 0
 0
9451
1
 0
9452
2
 0
 0
9453
2
 0
 0
9454
2
 0
 0
9458
1
 0
9459
1
 0
9460
2
 0
 0
9461
2
 0
 0
9462
1
 0
9463
3
 0
 0
 0
9464
2
 0
 0
9465
2
 0
 0
9466
2
 0
 0
9468
2
 0
 0
9469
1
 0
9470
1
 0
9471
2
 0
 0
9472
3
 0
 0
 0
9473
3
 0
 0
 0
9475
1
 0
9476
1
 0
9477
1
 0
9478
2
 0
 0
9479
2
 0
 0
9480
2
 0
 0
9481
1
 0
9482
1
 0
9483
3
 0
 0
 0
9484
2
 0
 0
9485
1
 0
9486
1
 0
9487
1
 0
9488
3
 0
 0
 0
9489
2
 0
 0
9493
3
 0
 0
 0
9494
1
 0
9495
1
 0
9496
1
 0
9499
1
 0
9500
1
 0
9501
1
 0
9502
1
 0
9505
1
 0
9506
3
 0
 0
 0
9507
2
 0
 0
9508
2
 0
 0
9509
2
 0
 0
9510
2
 0
 0
9511
3
 0
 0
 0
9512
2
 0
 0
9513
2
 0
 0
9514
2
 0
 0
9515
2
 0
 0
9516
2
 0
 0
9518
1
 0
9519
1
 0
9520
1
 0
9523
2
 0
 0
9524
1
 0
9525
1
 0
9526
1
 0
9529
1
 0
9530
1
 0
9531
1
 0
9536
2
 0
 0
9539
1
 0
9540
1
 0
9541
1
 0
9542
2
 0
 0
9544
1
 0
9546
1
 0
9547
1
 0
9548
3
 0
 0
 0
9550
2
 0
 0
9551
1
 0
9552
2
 0
 0
9553
3
 0
 0
 0
9554
1
 0
9557
1
 0
9558
1
 0
9559
1
 0
9560
1
 0
9561
1
 0
9562
1
 0
9563
3
 0
 0
 0
9564
2
 0
 0
9565
2
 0
 0
9568
1
 0
9569
2
 0
 0
9570
1
 0
9571
2
 0
 0
9572
1
 0
9573
1
 0
9574
1
 0
9575
3
 0
 0
 0
9576
2
 0
 0
9577
2
 0
 0
9578
2
 0
 0
9579
2
 0
 0
9580
1
 0
9581
1
 0
9583
1
 0
9584
1
 0
9586
2
 0
 0
9587
3
 0
 0
 0
9588
2
 0
 0
9589
2
 0
 0
9590
1
 0
9591
1
 0
9592
1
 0
9593
1
 0
9594
1
 0
9598
2
 0
 0
9599
1
 0
9600
1
 0
9601
1
 0
9602
1
 0
9603
2
 0
 0
9605
1
 0
9606
1
 0
9607
1
 0
9608
3
 0
 0
 0
9610
1
 0
9614
1
 0
9615
1
 0
9616
2
 0
 0
9617
1
 0
9618
2
 0
 0
9619
1
 0
9620
2
 0
 0
9622
1
 0
9623
3
 0
 0
 0
9624
3
 0
 0
 0
9629
1
 0
9630
2
 0
 0
9631
2
 0
 0
9632
2
 0
 0
9633
1
 0
9635
3
 0
 0
 0
9636
1
 0
9637
1
 0
9638
1
 0
9639
1
 0
9640
2
 0
 0
9641
1
 0
9642
1
 0
9643
2
 0
 0
9645
1
 0
9646
1
 0
9647
1
 0
9648
1
 0
9649
1
 0
9650
2
 0
 0
9651
1
 0
9652
1
 0
9656
1
 0
9658
1
 0
9662
1
 0
9663
1
 0
9664
1
 0
9665
1
 0
9666
1
 0
9670
2
 0
 0
9671
1
 0
9674
2
 0
 0
9675
2
 0
 0
9678
1
 0
9679
2
 0
 0
9680
2
 0
 0
9681
1
 0
9682
2
 0
 0
9683
1
 0
9684
1
 0
9685
1
 0
9687
1
 0
9688
2
 0
 0
9689
2
 0
 0
9690
2
 0
 0
9691
1
 0
9692
2
 0
 0
9693
2
 0
 0
9694
1
 0
9695
2
 0
 0
9696
1
 0
9697
1
 0
9700
2
 0
 0
9701
2
 0
 0
9702
1
 0
9703
2
 0
 0
9704
1
 0
9707
2
 0
 0
9708
3
 0
 0
 0
9709
1
 0
9711
1
 0
9712
2
 0
 0
9713
1
 0
9714
1
 0
9715
1
 0
9716
1
 0
9717
1
 0
9718
1
 0
9719
2
 0
 0
9720
2
 0
 0
9721
2
 0
 0
9722
2
 0
 0
9723
1
 0
9724
1
 0
9725
1
 0
9726
1
 0
9727
1
 0
9728
1
 0
9730
1
 0
9734
2
 0
 0
9735
1
 0
9736
1
 0
9737
2
 0
 0
9743
1
 0
9746
1
 0
9747
1
 0
9748
1
 0
9749
2
 0
 0
9750
2
 0
 0
9751
3
 0
 0
 0
9752
1
 0
9753
2
 0
 0
9754
2
 0
 0
9755
1
 0
9756
1
 0
9757
1
 0
9759
1
 0
9760
2
 0
 0
9761
1
 0
9762
1
 0
9765
2
 0
 0
9766
2
 0
 0
9767
2
 0
 0
9768
1
 0
9769
1
 0
9772
2
 0
 0
9775
2
 0
 0
9776
2
 0
 0
9778
1
 0
9779
1
 0
9780
2
 0
 0
9781
1
 0
9782
1
 0
9783
2
 0
 0
9784
2
 0
 0
9785
1
 0
9790
2
 0
 0
9791
1
 0
9792
3
 0
 0
 0
9793
2
 0
 0
9794
1
 0
9795
2
 0
 0
9796
1
 0
9797
1
 0
9799
1
 0
9800
1
 0
9802
2
 0
 0
9803
2
 0
 0
9804
1
 0
9805
1
 0
9806
1
 0
9807
1
 0
9809
2
 0
 0
9810
1
 0
9816
1
 0
9817
2
 0
 0
9818
1
 0
9819
1
 0
9822
1
 0
9823
2
 0
 0
9824
2
 0
 0
9825
2
 0
 0
9826
2
 0
 0
9827
1
 0
9828
3
 0
 0
 0
9829
2
 0
 0
9830
1
 0
9831
2
 0
 0
9832
2
 0
 0
9833
3
 0
 0
 0
9834
1
 0
9836
1
 0
9837
2
 0
 0
9838
2
 0
 0
9840
1
 0
9841
2
 0
 0
9842
1
 0
9843
2
 0
 0
9844
1
 0
9845
1
 0
9846
1
 0
9847
1
 0
9848
2
 0
 0
9850
1
 0
9851
1
 0
9852
1
 0
9853
3
 0
 0
 0
9854
1
 0
9855
1
 0
9856
2
 0
 0
9857
2
 0
 0
9858
2
 0
 0
9860
1
 0
9861
2
 0
 0
9862
2
 0
 0
9863
2
 0
 0
9864
1
 0
9867
1
 0
9868
3
 0
 0
 0
9869
1
 0
9870
1
 0
9871
1
 0
9872
2
 0
 0
9873
2
 0
 0
9874
2
 0
 0
9875
1
 0
9876
2
 0
 0
9877
2
 0
 0
9878
2
 0
 0
9879
1
 0
9880
2
 0
 0
9881
1
 0
9882
1
 0
9883
3
 0
 0
 0
9884
1
 0
9885
1
 0
9887
2
 0
 0
9888
3
 0
 0
 0
9889
1
 0
9890
1
 0
9891
1
 0
9892
1
 0
9893
1
 0
9894
1
 0
9895
1
 0
9896
1
 0
9897
1
 0
9898
2
 0
 0
9899
1
 0
9900
1
 0
9903
2
 0
 0
9904
1
 0
9905
1
 0
9906
1
 0
9908
2
 0
 0
9909
1
 0
9912
1
 0
9913
1
 0
9914
2
 0
 0
9915
2
 0
 0
9916
2
 0
 0
9917
2
 0
 0
9918
3
 0
 0
 0
9919
1
 0
9921
1
 0
9922
1
 0
9923
2
 0
 0
9924
1
 0
9925
1
 0
9926
1
 0
9927
1
 0
9928
1
 0
9929
1
 0
9930
1
 0
9931
1
 0
9944
1
 0
9945
1
 0
9946
1
 0
9947
1
 0
9948
2
 0
 0
9949
2
 0
 0
9950
2
 0
 0
9951
1
 0
9953
1
 0
9954
1
 0
9955
2
 0
 0
9956
1
 0
9957
1
 0
9958
1
 0
9959
1
 0
9960
1
 0
9961
1
 0
9962
1
 0
9965
1
 0
9966
2
 0
 0
9967
2
 0
 0
9968
2
 0
 0
9969
2
 0
 0
9970
1
 0
9972
1
 0
9973
2
 0
 0
9974
2
 0
 0
9975
1
 0
9977
1
 0
9979
1
 0
9980
1
 0
9981
1
 0
9982
1
 0
9985
1
 0
9986
1
 0
9987
1
 0
9988
1
 0
9992
1
 0
9993
1
 0
9994
1
 0
9996
1
 0
