500
0
1
 0
1
2
a-b 1
 0
2
1
 0
3
2
 0
 0
4
1
 0
5
2
 0
 0
6
1
 0
7
2
 0
 0
8
1
 0
9
2
 0
 0
10
1
 0
11
2
 0
 0
12
1
 0
13
2
 0
 0
14
1
 0
15
2
 0
 0
16
1
 0
17
2
 0
 0
18
1
 0
19
2
 0
 0
20
1
 0
21
2
 0
 0
22
1
 0
23
2
 0
 0
24
1
 0
25
2
 0
 0
26
1
 0
27
2
 0
 0
28
1
 0
29
2
 0
 0
30
1
 0
31
2
 0
 0
32
1
 0
33
2
 0
 0
34
1
 0
35
2
 0
 0
36
1
 0
37
2
 0
 0
38
1
 0
39
2
 0
 0
40
1
 0
41
2
 0
 0
42
1
 0
43
2
 0
 0
44
1
 0
45
2
 0
 0
46
1
 0
47
2
 0
 0
48
1
 0
49
2
 0
 0
50
1
 0
51
2
 0
 0
52
1
 0
53
1
 0
54
1
 0
55
2
 0
 0
56
1
 0
57
2
 0
 0
58
1
 0
59
2
 0
 0
60
1
 0
61
2
 0
 0
62
1
 0
63
2
 0
 0
64
1
 0
65
2
 0
 0
66
1
 0
67
2
 0
 0
68
1
 0
69
2
 0
 0
70
1
 0
71
2
 0
 0
72
1
 0
73
2
 0
 0
74
1
 0
75
2
 0
 0
76
1
 0
77
2
 0
 0
78
1
 0
79
2
 0
 0
80
1
 0
81
2
 0
 0
82
1
 0
83
2
 0
 0
84
1
 0
85
2
 0
 0
86
1
 0
87
2
 0
 0
88
1
 0
89
2
 0
 0
90
1
 0
91
2
 0
 0
92
1
 0
93
2
 0
 0
94
1
 0
95
2
 0
 0
96
1
 0
97
2
 0
 0
98
1
 0
99
2
 0
 0
100
1
 0
101
2
 0
 0
102
1
 0
103
2
 0
 0
104
1
 0
105
2
 0
 0
106
1
 0
107
2
 0
 0
108
1
 0
109
2
 0
 0
110
1
 0
111
2
 0
 0
112
1
 0
113
2
 0
 0
114
1
 0
115
2
 0
 0
116
1
 0
117
2
 0
 0
118
1
 0
119
2
 0
 0
120
1
 0
121
2
 0
 0
122
1
 0
123
2
 0
 0
124
1
 0
125
2
 0
 0
126
1
 0
127
2
 0
 0
128
1
 0
129
2
 0
 0
130
1
 0
131
2
 0
 0
132
1
 0
133
2
 0
 0
134
1
 0
135
2
 0
 0
136
1
 0
137
2
 0
 0
138
1
 0
139
2
 0
 0
140
1
 0
141
2
 0
 0
142
1
 0
143
2
 0
 0
144
1
 0
145
2
 0
 0
146
1
 0
147
2
 0
 0
148
1
 0
149
2
 0
 0
150
1
 0
151
2
 0
 0
152
1
 0
153
2
 0
 0
154
1
 0
155
2
 0
 0
156
1
 0
157
2
 0
 0
158
1
 0
159
2
 0
 0
160
1
 0
161
1
 0
162
1
 0
163
2
 0
 0
164
1
 0
165
2
 0
 0
166
1
 0
167
2
 0
 0
168
1
 0
169
2
 0
 0
170
1
 0
171
2
 0
 0
172
1
 0
173
2
 0
 0
174
1
 0
175
2
 0
 0
176
1
 0
177
2
 0
 0
178
1
 0
179
2
 0
 0
180
1
 0
181
2
 0
 0
182
1
 0
183
2
 0
 0
184
1
 0
185
2
 0
 0
186
1
 0
187
2
 0
 0
188
1
 0
189
2
 0
 0
190
1
 0
191
2
 0
 0
192
1
 0
193
2
 0
 0
194
1
 0
195
2
 0
 0
196
1
 0
197
2
 0
 0
198
1
 0
199
2
 0
 0
200
1
 0
201
2
 0
 0
202
1
 0
203
2
 0
 0
204
1
 0
205
2
 0
 0
206
1
 0
207
2
 0
 0
208
1
 0
209
2
 0
 0
210
1
 0
211
2
 0
 0
212
1
 0
213
2
 0
 0
214
1
 0
215
2
 0
 0
216
1
 0
217
2
 0
 0
218
1
 0
219
2
 0
 0
220
1
 0
221
2
 0
 0
222
1
 0
223
2
 0
 0
224
1
 0
225
2
 0
 0
226
1
 0
227
2
 0
 0
228
1
 0
229
2
 0
 0
230
1
 0
231
2
 0
 0
232
1
 0
233
2
 0
 0
234
1
 0
235
2
 0
 0
236
1
 0
237
2
 0
 0
238
1
 0
239
2
 0
 0
240
1
 0
241
2
 0
 0
242
1
 0
243
2
 0
 0
244
1
 0
245
2
 0
 0
246
1
 0
247
2
 0
 0
248
1
 0
249
1
 0
250
1
 0
251
2
 0
 0
252
1
 0
253
2
 0
 0
254
1
 0
255
2
 0
 0
256
1
 0
257
2
 0
 0
258
1
 0
259
2
 0
 0
260
1
 0
261
2
 0
 0
262
1
 0
263
2
 0
 0
264
1
 0
265
2
 0
 0
266
1
 0
267
2
 0
 0
268
1
 0
269
1
 0
270
1
 0
271
2
 0
 0
272
1
 0
273
2
 0
 0
274
1
 0
275
2
 0
 0
276
1
 0
277
2
 0
 0
278
1
 0
279
2
 0
 0
280
1
 0
281
2
 0
 0
282
1
 0
283
2
 0
 0
284
1
 0
285
2
 0
 0
286
1
 0
287
2
 0
 0
288
1
 0
289
1
 0
290
1
 0
291
2
 0
 0
292
1
 0
293
2
 0
 0
294
1
 0
295
2
 0
 0
296
1
 0
297
2
 0
 0
298
1
 0
299
2
 0
 0
300
1
 0
301
2
 0
 0
302
1
 0
303
2
 0
 0
304
1
 0
305
2
 0
 0
306
1
 0
307
2
 0
 0
308
1
 0
309
2
 0
 0
310
1
 0
311
2
 0
 0
312
1
 0
313
2
 0
 0
314
1
 0
315
2
 0
 0
316
1
 0
317
2
 0
 0
318
1
 0
319
2
 0
 0
320
1
 0
321
2
 0
 0
322
1
 0
323
2
 0
 0
324
1
 0
325
2
 0
 0
326
1
 0
327
2
 0
 0
328
1
 0
329
2
 0
 0
330
1
 0
331
2
 0
 0
332
1
 0
333
2
 0
 0
334
1
 0
335
2
 0
 0
336
1
 0
337
2
 0
 0
338
1
 0
339
2
 0
 0
340
1
 0
341
2
 0
 0
342
1
 0
343
2
 0
 0
344
1
 0
345
2
 0
 0
346
1
 0
347
2
 0
 0
348
1
 0
349
2
 0
 0
350
1
 0
351
1
 0
352
1
 0
353
2
 0
 0
354
1
 0
355
2
 0
 0
356
1
 0
357
2
 0
 0
358
1
 0
359
2
 0
 0
360
1
 0
361
2
 0
 0
362
1
 0
363
2
 0
 0
364
1
 0
365
2
 0
 0
366
1
 0
367
2
 0
 0
368
1
 0
369
2
 0
 0
370
1
 0
371
2
 0
 0
372
1
 0
373
2
 0
 0
374
1
 0
375
2
 0
 0
376
1
 0
377
2
 0
 0
378
1
 0
379
2
 0
 0
380
1
 0
381
2
 0
 0
382
1
 0
383
2
 0
 0
384
1
 0
385
2
 0
 0
386
1
 0
387
2
 0
 0
388
1
 0
389
2
 0
 0
390
1
 0
391
2
 0
 0
392
1
 0
393
2
 0
 0
394
1
 0
395
1
 0
396
1
 0
397
2
 0
 0
398
1
 0
399
2
 0
 0
400
1
 0
401
2
 0
 0
402
1
 0
403
2
 0
 0
404
1
 0
405
2
 0
 0
406
1
 0
407
2
 0
 0
408
1
 0
409
2
 0
 0
410
1
 0
411
2
 0
 0
412
1
 0
413
2
 0
 0
414
1
 0
415
2
 0
 0
416
1
 0
417
2
 0
 0
418
1
 0
419
2
 0
 0
420
1
 0
421
2
 0
 0
422
1
 0
423
2
 0
 0
424
1
 0
425
2
 0
 0
426
1
 0
427
2
 0
 0
428
1
 0
429
2
 0
 0
430
1
 0
431
2
 0
 0
432
1
 0
433
2
 0
 0
434
1
 0
435
2
 0
 0
436
1
 0
437
2
 0
 0
438
1
 0
439
2
 0
 0
440
1
 0
441
2
 0
 0
442
1
 0
443
2
 0
 0
444
1
 0
445
2
 0
 0
446
1
 0
447
2
 0
 0
448
1
 0
449
1
 0
450
1
 0
451
2
 0
 0
452
1
 0
453
2
 0
 0
454
1
 0
455
2
 0
 0
456
1
 0
457
2
 0
 0
458
1
 0
459
2
 0
 0
460
1
 0
461
2
 0
 0
462
1
 0
463
2
 0
 0
464
1
 0
465
2
 0
 0
466
1
 0
467
2
 0
 0
468
1
 0
469
2
 0
 0
470
1
 0
471
2
 0
 0
472
1
 0
473
2
 0
 0
474
1
 0
475
2
 0
 0
476
1
 0
477
2
 0
 0
478
1
 0
479
2
 0
 0
480
1
 0
481
2
 0
 0
482
1
 0
483
2
 0
 0
484
1
 0
485
2
 0
 0
486
1
 0
487
1
 0
488
1
 0
489
2
 0
 0
490
1
 0
491
2
 0
 0
492
1
 0
493
2
 0
 0
494
1
 0
495
2
 0
 0
496
1
 0
497
2
 0
 0
498
1
 0
499
225
he-ejj 2
bac-ejj 2
a-ejj 1
e-ejj 1
g-ejj 1
i-ejj 1
ba-ejj 1
bc-ejj 1
be-ejj 1
bi-ejj 1
ca-ejj 1
cc-ejj 1
ce-ejj 1
cg-ejj 1
ci-ejj 1
dc-ejj 1
de-ejj 1
dg-ejj 1
di-ejj 1
ec-ejj 1
ee-ejj 1
eg-ejj 1
fa-ejj 1
fc-ejj 1
fe-ejj 1
fg-ejj 1
fi-ejj 1
ga-ejj 1
gc-ejj 1
ge-ejj 1
gg-ejj 1
gi-ejj 1
ha-ejj 1
hc-ejj 1
hg-ejj 1
hi-ejj 1
ia-ejj 1
ic-ejj 1
ie-ejj 1
ig-ejj 1
ja-ejj 1
jc-ejj 1
je-ejj 1
jg-ejj 1
ji-ejj 1
baa-ejj 1
bae-ejj 1
bag-ejj 1
bai-ejj 1
bba-ejj 1
bbc-ejj 1
bbe-ejj 1
bbg-ejj 1
bcc-ejj 1
bcg-ejj 1
bci-ejj 1
bda-ejj 1
bdc-ejj 1
bde-ejj 1
bdg-ejj 1
bdi-ejj 1
bea-ejj 1
bec-ejj 1
bee-ejj 1
beg-ejj 1
bei-ejj 1
bfa-ejj 1
bfc-ejj 1
bfe-ejj 1
bfg-ejj 1
bfi-ejj 1
bga-ejj 1
bgc-ejj 1
bge-ejj 1
bgg-ejj 1
bgi-ejj 1
bha-ejj 1
bhc-ejj 1
bhe-ejj 1
bhg-ejj 1
bhi-ejj 1
bia-ejj 1
bic-ejj 1
bie-ejj 1
big-ejj 1
bii-ejj 1
bja-ejj 1
bjc-ejj 1
bje-ejj 1
bjg-ejj 1
caa-ejj 1
cac-ejj 1
cae-ejj 1
cbc-ejj 1
cbe-ejj 1
cbg-ejj 1
cca-ejj 1
ccc-ejj 1
cce-ejj 1
 0
c-ejj 0
 0
 0
 0
 0
 0
 0
 0
bg-ejj 0
 0
 0
 0
 0
 0
 0
 0
da-ejj 0
 0
 0
 0
 0
 0
ea-ejj 0
 0
 0
 0
 0
ei-ejj 0
 0
 0
 0
 0
 0
 0
 0
 0
 0
 0
 0
 0
 0
 0
 0
 0
 0
 0
 0
 0
ii-ejj 0
 0
 0
 0
 0
 0
 0
 0
 0
 0
 0
 0
 0
 0
 0
 0
bbi-ejj 0
 0
bca-ejj 0
 0
 0
bce-ejj 0
 0
 0
 0
 0
 0
 0
 0
 0
 0
 0
 0
 0
 0
 0
 0
 0
 0
 0
 0
 0
 0
 0
 0
 0
 0
 0
 0
 0
 0
 0
 0
 0
 0
 0
 0
 0
 0
bji-ejj 0
 0
 0
 0
 0
cag-ejj 0
 0
cai-ejj 0
 0
cba-ejj 0
 0
 0
 0
 0
cbi-ejj 0
 0
 0
 0
