1643
0
1
 0
1
2
a-b 0
 0
2
6
a-c 0
b-c 0
 0
d-c 0
e-c 0
f-c 0
3
6
a-d 0
 0
c-d 0
 0
e-d 0
 0
4
3
 0
b-e 0
c-e 0
5
7
e-f 1
a-f 0
 0
 0
d-f 0
 0
g-f 0
6
6
a-g 0
 0
 0
 0
 0
f-g 0
7
1
a-h 0
8
3
 0
b-i 0
 0
9
4
a-j 0
b-j 0
c-j 0
 0
10
2
a-ba 0
 0
11
8
 0
 0
 0
 0
 0
 0
 0
 0
12
6
 0
b-bc 0
c-bc 0
 0
 0
 0
13
3
a-bd 0
 0
c-bd 0
14
4
 0
 0
 0
d-be 0
15
2
 0
b-bf 0
16
7
 0
b-bg 0
 0
d-bg 0
 0
f-bg 0
 0
17
3
a-bh 0
b-bh 0
c-bh 0
18
5
a-bi 0
 0
 0
 0
e-bi 0
19
8
 0
 0
 0
 0
 0
f-bj 0
 0
h-bj 0
20
4
 0
 0
c-ca 0
 0
21
3
 0
 0
 0
22
4
a-cc 0
 0
 0
 0
23
6
 0
 0
 0
 0
e-cd 0
 0
24
4
 0
b-ce 0
 0
 0
25
5
a-cf 0
 0
 0
 0
 0
26
7
 0
 0
 0
d-cg 0
 0
 0
 0
27
6
 0
b-ch 0
 0
 0
 0
 0
28
5
a-ci 0
 0
 0
d-ci 0
 0
29
3
 0
b-cj 0
 0
30
8
 0
b-da 0
 0
 0
 0
 0
 0
 0
31
7
 0
 0
 0
 0
 0
 0
 0
32
6
 0
 0
 0
 0
 0
 0
33
3
a-dd 0
 0
 0
34
4
 0
 0
 0
 0
35
5
 0
 0
 0
d-df 0
 0
36
8
 0
 0
 0
 0
 0
f-dg 0
 0
 0
37
5
 0
 0
 0
 0
 0
38
1
 0
39
3
 0
b-dj 0
 0
40
6
 0
 0
 0
d-ea 0
 0
 0
41
3
a-eb 0
 0
 0
42
5
 0
 0
 0
 0
 0
43
5
 0
 0
 0
 0
 0
44
3
a-ee 0
 0
 0
45
7
 0
 0
 0
 0
 0
 0
 0
46
5
 0
 0
 0
 0
 0
47
5
 0
 0
c-eh 0
 0
 0
48
6
 0
 0
 0
 0
 0
 0
49
3
 0
 0
 0
50
6
 0
 0
 0
 0
 0
 0
51
3
 0
 0
 0
52
5
 0
 0
 0
 0
 0
53
4
 0
 0
 0
 0
54
1
 0
55
7
 0
 0
 0
 0
 0
 0
 0
56
1
 0
57
7
d-fh 1
 0
 0
 0
 0
 0
 0
58
3
 0
 0
 0
59
7
 0
 0
 0
 0
 0
 0
 0
60
6
 0
 0
 0
 0
 0
 0
61
2
 0
 0
62
6
e-gc 1
 0
 0
 0
 0
 0
63
8
 0
 0
c-gd 0
 0
 0
f-gd 0
 0
 0
64
2
 0
 0
65
1
 0
66
5
 0
 0
 0
 0
 0
67
3
 0
 0
 0
68
3
 0
 0
 0
69
3
 0
 0
 0
70
3
 0
 0
 0
71
2
 0
 0
72
4
 0
 0
 0
 0
74
7
 0
 0
 0
d-he 0
 0
 0
 0
75
4
 0
 0
 0
 0
76
4
 0
 0
 0
 0
77
7
 0
 0
 0
 0
 0
f-hh 0
 0
78
5
 0
 0
 0
 0
 0
79
3
a-hj 0
 0
 0
80
4
 0
 0
 0
 0
81
4
 0
 0
 0
 0
82
3
 0
b-ic 0
c-ic 0
83
4
 0
 0
 0
 0
84
5
 0
 0
c-ie 0
d-ie 0
 0
85
3
 0
 0
 0
86
2
 0
 0
87
3
 0
 0
 0
88
6
 0
 0
 0
 0
 0
 0
89
4
 0
b-ij 0
 0
 0
90
3
 0
 0
 0
91
4
 0
 0
 0
 0
92
6
 0
 0
 0
 0
 0
 0
93
2
 0
 0
94
6
 0
 0
 0
 0
 0
 0
95
3
 0
 0
 0
96
3
 0
 0
 0
97
6
 0
 0
 0
 0
 0
 0
98
5
 0
 0
 0
 0
 0
99
3
 0
 0
 0
100
5
 0
 0
 0
 0
 0
101
4
 0
 0
 0
 0
102
5
 0
 0
 0
 0
 0
103
3
 0
 0
 0
104
4
 0
 0
 0
 0
105
5
 0
 0
 0
 0
 0
106
7
 0
 0
 0
 0
 0
 0
 0
107
6
 0
 0
 0
 0
 0
 0
108
2
 0
 0
109
6
 0
 0
 0
 0
 0
 0
110
5
 0
 0
 0
 0
 0
111
4
d-bbb 1
 0
 0
 0
112
5
 0
b-bbc 0
 0
 0
 0
113
2
 0
 0
114
3
 0
 0
 0
115
5
 0
 0
 0
 0
 0
116
6
 0
 0
 0
 0
 0
 0
117
3
 0
 0
 0
118
9
 0
 0
 0
 0
 0
 0
 0
 0
 0
119
7
 0
 0
 0
 0
 0
 0
 0
120
6
 0
 0
 0
 0
 0
 0
121
4
 0
 0
 0
 0
122
7
 0
 0
 0
 0
 0
 0
 0
123
5
 0
 0
 0
 0
 0
124
8
 0
 0
 0
 0
 0
 0
 0
 0
125
4
 0
 0
 0
 0
126
7
g-bcg 1
 0
 0
 0
 0
 0
 0
127
6
 0
b-bch 0
 0
 0
 0
f-bch 0
128
7
 0
 0
 0
 0
 0
 0
 0
129
7
 0
 0
 0
 0
 0
 0
 0
130
6
 0
 0
 0
 0
 0
 0
131
8
 0
 0
 0
 0
 0
 0
 0
 0
132
9
 0
 0
 0
 0
 0
 0
 0
 0
 0
133
5
 0
 0
 0
 0
 0
134
6
a-bde 0
 0
 0
 0
 0
 0
135
6
 0
 0
 0
 0
 0
 0
136
8
 0
 0
 0
 0
e-bdg 0
 0
 0
 0
137
4
 0
 0
 0
 0
138
6
 0
 0
 0
 0
 0
 0
139
7
 0
 0
 0
 0
 0
 0
 0
140
4
 0
 0
 0
 0
141
8
 0
 0
 0
 0
 0
 0
 0
 0
142
8
 0
 0
 0
 0
 0
 0
 0
 0
143
6
 0
 0
 0
 0
 0
 0
144
5
 0
 0
 0
 0
 0
145
4
 0
 0
 0
 0
146
5
 0
 0
 0
 0
 0
147
9
 0
 0
 0
 0
 0
 0
 0
 0
 0
148
5
 0
 0
 0
 0
 0
149
5
a-bej 0
 0
 0
 0
 0
150
5
 0
 0
 0
 0
 0
151
2
 0
 0
152
9
 0
 0
 0
 0
 0
 0
 0
 0
 0
153
4
 0
 0
 0
 0
154
5
 0
 0
 0
 0
 0
155
4
 0
 0
 0
 0
156
8
 0
 0
 0
 0
 0
 0
 0
 0
157
4
 0
 0
 0
 0
158
7
 0
 0
 0
 0
 0
 0
 0
159
5
 0
 0
 0
 0
 0
160
3
 0
 0
 0
161
6
 0
 0
 0
 0
 0
 0
162
7
 0
 0
 0
 0
 0
 0
 0
163
5
 0
 0
 0
 0
 0
164
3
 0
 0
 0
165
4
 0
 0
 0
 0
166
6
 0
 0
 0
 0
 0
 0
167
5
 0
 0
 0
 0
 0
168
8
 0
 0
 0
 0
 0
 0
 0
 0
169
5
 0
 0
 0
 0
 0
170
8
 0
 0
 0
 0
 0
 0
 0
 0
171
6
a-bhb 0
 0
 0
 0
 0
 0
172
6
 0
 0
 0
 0
 0
 0
173
4
 0
 0
 0
 0
174
5
 0
 0
 0
 0
 0
175
6
 0
 0
 0
 0
 0
 0
176
7
 0
 0
 0
 0
 0
 0
 0
177
4
 0
 0
 0
 0
178
5
 0
 0
 0
 0
 0
179
7
 0
 0
 0
 0
 0
 0
g-bhj 0
180
4
 0
 0
 0
 0
181
3
 0
 0
 0
182
4
 0
 0
 0
 0
183
4
 0
 0
 0
 0
184
11
 0
 0
 0
 0
 0
 0
 0
 0
 0
 0
 0
185
5
 0
 0
 0
 0
 0
186
2
 0
 0
187
4
 0
 0
 0
 0
188
5
 0
 0
 0
 0
 0
189
6
 0
 0
 0
 0
 0
 0
190
3
 0
 0
 0
191
4
 0
b-bjb 0
 0
 0
192
5
 0
 0
 0
 0
 0
193
5
 0
 0
 0
 0
 0
194
4
 0
 0
 0
 0
195
6
 0
 0
 0
 0
e-bjf 0
 0
196
3
 0
 0
 0
197
6
 0
 0
 0
 0
 0
 0
198
4
 0
 0
 0
 0
199
4
 0
 0
 0
 0
200
6
 0
 0
 0
 0
 0
 0
201
6
 0
 0
 0
 0
 0
 0
202
5
 0
 0
c-cac 0
 0
 0
203
3
 0
 0
 0
204
8
 0
 0
 0
 0
 0
f-cae 0
 0
 0
205
3
 0
 0
 0
206
4
 0
 0
 0
 0
207
6
 0
 0
 0
 0
 0
 0
208
2
 0
 0
209
4
 0
 0
 0
 0
210
4
 0
 0
 0
 0
211
5
 0
 0
 0
 0
 0
212
2
 0
 0
213
8
 0
 0
 0
 0
 0
 0
 0
 0
214
1
 0
215
3
 0
 0
 0
216
4
 0
 0
 0
 0
217
5
 0
 0
 0
 0
 0
218
3
 0
 0
 0
219
5
 0
 0
 0
 0
 0
220
6
 0
 0
 0
 0
 0
 0
221
6
d-ccb 1
 0
 0
 0
 0
 0
222
3
 0
 0
 0
223
6
 0
 0
 0
d-ccd 0
 0
 0
224
4
 0
 0
 0
 0
225
7
 0
 0
 0
 0
 0
 0
 0
226
7
 0
 0
 0
 0
 0
 0
 0
227
4
 0
 0
 0
 0
228
4
a-cci 0
 0
 0
 0
229
6
 0
 0
 0
 0
 0
 0
230
3
 0
 0
 0
231
4
 0
 0
 0
 0
232
6
 0
 0
 0
 0
 0
 0
233
2
 0
 0
234
7
 0
 0
 0
 0
 0
 0
 0
235
5
 0
 0
 0
 0
 0
236
6
 0
 0
 0
 0
 0
 0
237
3
 0
 0
 0
238
4
 0
 0
 0
 0
239
3
 0
 0
 0
240
7
 0
 0
 0
 0
 0
 0
 0
241
6
 0
 0
 0
 0
 0
 0
242
4
 0
 0
 0
 0
243
3
 0
 0
 0
244
3
 0
 0
 0
245
4
 0
 0
 0
 0
246
4
 0
 0
 0
 0
247
4
 0
 0
 0
 0
248
5
 0
 0
 0
 0
 0
249
8
 0
 0
 0
 0
 0
 0
 0
 0
250
5
 0
 0
 0
 0
 0
251
7
g-cfb 1
 0
 0
 0
 0
 0
 0
252
3
 0
 0
 0
253
6
a-cfd 1
 0
 0
 0
 0
 0
254
2
 0
 0
255
5
 0
 0
 0
 0
 0
256
4
 0
 0
 0
 0
257
7
 0
 0
 0
 0
 0
f-cfh 0
 0
258
5
 0
 0
 0
 0
 0
259
6
 0
 0
 0
 0
 0
 0
260
7
 0
 0
 0
 0
 0
 0
 0
261
5
 0
 0
 0
 0
e-cgb 0
262
6
 0
 0
 0
 0
 0
 0
263
6
 0
 0
 0
 0
 0
 0
264
6
 0
 0
 0
 0
 0
 0
265
5
 0
 0
 0
 0
 0
266
5
 0
 0
 0
 0
 0
267
5
 0
 0
 0
 0
 0
268
5
 0
 0
 0
 0
 0
269
4
 0
 0
 0
 0
270
6
 0
 0
 0
 0
 0
 0
271
3
 0
 0
 0
272
5
 0
 0
 0
 0
 0
273
4
 0
 0
 0
 0
274
4
 0
 0
 0
 0
275
5
 0
 0
 0
d-chf 0
 0
276
4
 0
 0
 0
 0
277
4
 0
 0
 0
 0
278
6
 0
 0
 0
 0
 0
 0
279
6
 0
 0
 0
 0
e-chj 0
 0
280
4
 0
 0
 0
 0
281
5
 0
 0
 0
d-cib 0
 0
282
5
 0
 0
 0
 0
 0
283
11
 0
 0
 0
 0
 0
 0
 0
 0
 0
 0
 0
284
3
 0
 0
 0
285
8
 0
 0
 0
 0
 0
 0
 0
 0
286
6
 0
 0
 0
 0
 0
 0
287
2
 0
 0
288
6
 0
 0
 0
 0
 0
 0
289
4
 0
 0
 0
 0
290
6
 0
 0
 0
 0
 0
 0
291
4
 0
 0
 0
d-cjb 0
292
4
 0
 0
 0
 0
293
2
 0
 0
294
3
 0
 0
 0
295
3
 0
 0
 0
296
1
 0
297
5
 0
 0
 0
 0
 0
298
6
 0
 0
c-cji 0
 0
 0
 0
299
6
 0
 0
 0
 0
 0
 0
300
6
 0
 0
 0
 0
 0
 0
301
6
 0
 0
 0
 0
 0
 0
302
5
 0
 0
 0
 0
 0
303
4
 0
 0
 0
 0
304
4
 0
 0
 0
 0
305
7
 0
 0
 0
 0
 0
 0
 0
306
3
 0
 0
 0
307
4
 0
 0
 0
 0
308
6
 0
 0
 0
 0
 0
 0
309
6
 0
 0
 0
 0
 0
 0
310
3
 0
 0
 0
311
4
 0
 0
 0
 0
312
2
 0
 0
313
5
 0
 0
 0
 0
 0
314
3
 0
 0
 0
315
7
 0
 0
 0
 0
 0
 0
 0
316
3
 0
 0
 0
317
5
a-dbh 0
 0
 0
 0
 0
318
5
 0
 0
 0
 0
 0
319
6
 0
 0
 0
 0
 0
 0
320
5
a-dca 1
 0
 0
 0
 0
321
6
 0
 0
 0
 0
 0
 0
322
9
 0
 0
 0
 0
 0
 0
g-dcc 0
 0
 0
323
4
 0
 0
 0
 0
324
4
 0
 0
 0
 0
325
5
 0
 0
 0
 0
 0
326
3
 0
 0
 0
327
5
 0
 0
 0
 0
 0
328
5
 0
 0
 0
 0
 0
329
5
 0
 0
 0
 0
 0
330
4
 0
 0
 0
 0
331
6
 0
 0
 0
 0
 0
 0
332
5
 0
 0
 0
 0
 0
333
4
 0
 0
 0
 0
334
9
d-dde 2
 0
 0
 0
 0
 0
 0
 0
 0
335
7
 0
 0
 0
 0
 0
 0
 0
336
3
 0
 0
 0
337
4
 0
 0
 0
 0
338
6
 0
 0
 0
 0
 0
 0
339
6
 0
 0
 0
 0
 0
 0
340
6
 0
 0
 0
 0
 0
 0
341
6
 0
 0
 0
 0
 0
 0
342
5
 0
 0
 0
 0
 0
343
5
 0
 0
 0
 0
 0
344
5
 0
 0
 0
 0
 0
345
3
 0
 0
 0
346
6
 0
 0
 0
 0
 0
 0
347
4
 0
 0
 0
 0
348
2
 0
 0
349
4
 0
 0
 0
 0
350
5
 0
 0
 0
 0
 0
351
3
 0
 0
 0
352
7
 0
 0
 0
 0
 0
 0
 0
353
6
 0
 0
 0
 0
 0
 0
354
4
 0
 0
 0
 0
355
5
 0
 0
 0
 0
 0
356
3
 0
 0
 0
357
5
 0
 0
 0
 0
 0
358
3
 0
 0
 0
359
3
 0
 0
 0
360
5
 0
 0
 0
 0
 0
361
2
 0
 0
362
6
c-dgc 1
 0
 0
 0
 0
 0
363
9
 0
 0
 0
 0
 0
 0
 0
 0
 0
364
6
 0
 0
 0
 0
 0
 0
365
4
 0
 0
 0
 0
366
3
 0
 0
 0
367
2
 0
 0
368
5
 0
 0
 0
 0
 0
369
4
 0
 0
 0
 0
370
4
 0
 0
 0
d-dha 0
371
3
 0
 0
 0
372
7
 0
 0
 0
 0
 0
 0
 0
373
6
 0
b-dhd 0
 0
 0
 0
 0
374
6
 0
 0
 0
 0
 0
 0
375
5
 0
 0
 0
 0
 0
376
4
 0
 0
 0
 0
377
5
 0
 0
 0
 0
 0
378
6
 0
 0
 0
 0
 0
 0
379
7
 0
 0
 0
 0
 0
 0
 0
380
4
 0
 0
 0
 0
381
4
 0
 0
 0
 0
382
8
 0
 0
 0
 0
 0
 0
 0
 0
383
6
a-did 0
 0
 0
 0
 0
 0
384
6
 0
 0
 0
 0
 0
 0
385
1
 0
386
3
 0
 0
 0
387
2
 0
 0
388
2
 0
 0
389
5
 0
 0
 0
 0
 0
390
2
 0
 0
391
2
 0
 0
392
3
 0
 0
 0
393
6
 0
 0
 0
 0
 0
 0
394
7
 0
 0
 0
 0
 0
f-dje 0
 0
395
2
 0
 0
396
7
 0
 0
 0
 0
 0
 0
 0
397
9
 0
 0
 0
 0
 0
 0
 0
 0
 0
398
4
 0
 0
 0
 0
399
6
 0
 0
 0
 0
 0
 0
400
7
 0
 0
c-eaa 0
 0
 0
 0
 0
401
4
 0
 0
 0
 0
402
5
 0
 0
 0
 0
 0
403
4
 0
 0
 0
 0
404
7
 0
 0
 0
 0
 0
 0
 0
405
4
 0
 0
 0
 0
406
5
 0
 0
 0
 0
 0
407
5
 0
 0
 0
 0
 0
408
4
 0
 0
 0
 0
409
4
 0
 0
c-eaj 0
 0
410
6
 0
 0
 0
 0
 0
 0
411
7
 0
 0
 0
 0
 0
 0
 0
412
3
 0
 0
 0
413
8
 0
 0
 0
 0
 0
 0
 0
 0
414
6
 0
 0
 0
 0
 0
 0
415
4
 0
 0
 0
 0
416
3
 0
 0
 0
417
4
 0
 0
 0
 0
418
3
 0
 0
 0
419
5
 0
 0
 0
 0
 0
420
5
 0
 0
 0
 0
 0
421
2
 0
 0
422
10
 0
 0
 0
 0
 0
 0
 0
 0
 0
 0
423
3
 0
 0
 0
424
4
 0
 0
 0
 0
425
6
 0
 0
 0
 0
 0
 0
426
3
 0
 0
 0
427
5
 0
 0
 0
 0
 0
428
4
 0
 0
 0
 0
429
3
 0
 0
 0
430
7
 0
 0
 0
 0
 0
 0
 0
431
7
 0
 0
 0
 0
 0
 0
 0
432
5
 0
 0
 0
 0
 0
433
6
 0
 0
 0
 0
 0
 0
434
4
 0
 0
 0
 0
435
6
 0
 0
 0
 0
 0
 0
436
6
 0
 0
 0
 0
 0
 0
437
5
 0
 0
 0
 0
 0
438
9
 0
 0
 0
 0
 0
 0
 0
 0
 0
439
3
 0
 0
 0
440
4
 0
 0
 0
 0
441
4
 0
 0
 0
 0
442
4
 0
 0
 0
 0
443
4
 0
 0
 0
 0
444
3
 0
 0
 0
445
5
 0
 0
 0
 0
 0
446
6
 0
 0
 0
 0
 0
 0
447
3
 0
 0
 0
448
5
 0
 0
 0
 0
 0
449
4
 0
 0
 0
 0
450
7
 0
 0
 0
 0
 0
 0
 0
451
3
 0
 0
 0
452
4
 0
 0
 0
 0
453
4
 0
 0
 0
 0
454
2
 0
 0
455
5
 0
 0
 0
 0
 0
456
5
 0
 0
 0
 0
 0
457
7
 0
 0
 0
 0
 0
 0
 0
458
3
 0
 0
 0
459
6
 0
 0
 0
 0
 0
 0
460
8
 0
 0
 0
 0
 0
 0
 0
 0
461
6
 0
 0
 0
 0
 0
 0
462
2
 0
 0
463
4
 0
 0
 0
 0
464
6
 0
 0
 0
 0
 0
 0
465
4
 0
 0
 0
 0
466
5
 0
 0
 0
 0
 0
467
3
 0
 0
 0
468
4
 0
 0
 0
 0
469
6
 0
 0
 0
 0
 0
 0
470
6
 0
 0
 0
 0
 0
 0
471
4
 0
 0
 0
 0
472
2
 0
 0
473
4
 0
 0
 0
 0
474
4
 0
 0
 0
 0
475
5
 0
 0
 0
 0
 0
476
5
 0
 0
 0
 0
 0
477
5
 0
 0
 0
 0
 0
478
3
 0
 0
 0
479
4
 0
 0
 0
 0
480
5
 0
 0
 0
 0
 0
481
4
 0
 0
 0
 0
482
5
 0
 0
 0
 0
 0
483
6
 0
 0
 0
 0
 0
 0
484
5
 0
 0
 0
 0
 0
485
4
 0
 0
 0
 0
486
4
 0
 0
 0
 0
487
5
 0
 0
 0
 0
 0
488
4
 0
 0
 0
 0
489
5
 0
 0
 0
 0
 0
490
3
 0
 0
 0
491
3
 0
 0
 0
492
6
 0
 0
 0
 0
 0
 0
493
2
 0
 0
494
6
 0
 0
 0
 0
 0
 0
495
3
 0
 0
 0
496
4
 0
 0
 0
 0
497
4
 0
 0
 0
 0
498
5
d-eji 1
 0
 0
 0
 0
499
2
 0
 0
500
5
 0
 0
 0
 0
 0
501
2
 0
 0
502
5
 0
 0
 0
 0
 0
503
6
 0
 0
 0
 0
 0
 0
504
4
 0
 0
 0
 0
505
3
 0
 0
 0
506
5
 0
 0
 0
 0
 0
507
2
 0
 0
508
5
 0
 0
 0
 0
 0
509
6
 0
 0
 0
 0
 0
 0
510
4
 0
 0
 0
 0
511
5
 0
 0
 0
 0
 0
512
4
 0
 0
 0
 0
513
5
 0
 0
 0
 0
 0
514
3
 0
 0
 0
515
1
 0
516
2
 0
 0
517
6
 0
 0
 0
 0
 0
 0
518
5
 0
 0
 0
 0
 0
519
6
 0
 0
 0
 0
 0
 0
520
5
 0
 0
 0
 0
 0
521
5
 0
 0
 0
 0
e-fcb 0
522
4
 0
 0
 0
 0
523
4
 0
 0
 0
 0
524
3
 0
 0
 0
525
7
 0
 0
 0
 0
 0
 0
 0
526
4
 0
 0
 0
 0
527
8
 0
 0
 0
 0
 0
 0
 0
 0
528
8
 0
 0
 0
 0
 0
 0
 0
 0
529
6
 0
 0
 0
 0
 0
 0
530
6
 0
 0
 0
 0
 0
 0
531
5
 0
 0
 0
 0
 0
532
6
 0
 0
 0
 0
 0
 0
533
9
 0
 0
 0
 0
 0
 0
 0
 0
 0
534
3
 0
 0
 0
535
6
 0
 0
 0
 0
 0
 0
536
5
 0
 0
 0
 0
 0
537
7
 0
 0
 0
 0
 0
 0
 0
538
2
 0
 0
539
2
 0
 0
540
5
 0
 0
 0
 0
 0
541
6
 0
 0
 0
 0
 0
 0
542
3
 0
 0
 0
543
5
 0
 0
 0
 0
 0
544
5
 0
 0
 0
 0
 0
545
5
 0
 0
 0
 0
 0
546
6
 0
 0
 0
 0
 0
 0
547
5
 0
 0
 0
 0
 0
548
6
 0
 0
 0
 0
 0
 0
549
4
 0
b-fej 0
 0
 0
550
5
 0
 0
 0
 0
 0
551
7
 0
 0
 0
 0
 0
 0
 0
552
4
 0
 0
 0
 0
553
3
 0
 0
 0
554
2
 0
 0
555
7
 0
 0
 0
 0
 0
 0
 0
556
1
 0
557
2
 0
 0
558
5
 0
 0
 0
 0
 0
559
4
 0
 0
 0
 0
560
8
 0
 0
 0
 0
 0
 0
 0
 0
561
3
 0
 0
 0
562
5
 0
 0
 0
 0
 0
563
6
 0
 0
 0
 0
 0
 0
564
2
 0
 0
565
2
 0
 0
566
2
 0
 0
567
3
 0
 0
 0
568
4
 0
 0
 0
 0
569
4
 0
 0
c-fgj 0
 0
570
3
 0
 0
 0
571
6
 0
 0
 0
 0
 0
 0
572
6
 0
 0
 0
 0
 0
 0
573
4
 0
 0
 0
 0
574
5
 0
 0
 0
 0
 0
575
2
 0
 0
576
4
 0
 0
 0
 0
577
1
 0
578
4
 0
 0
 0
 0
579
5
 0
 0
 0
 0
 0
580
4
 0
 0
 0
 0
581
3
 0
 0
 0
582
6
 0
 0
 0
 0
 0
 0
583
6
 0
 0
 0
 0
 0
 0
584
3
 0
 0
 0
585
4
 0
 0
 0
 0
586
6
 0
 0
 0
 0
 0
 0
587
3
 0
 0
 0
588
4
 0
 0
 0
 0
589
3
 0
 0
 0
590
3
 0
 0
 0
591
9
 0
 0
 0
 0
 0
 0
 0
 0
 0
592
5
 0
 0
 0
 0
 0
593
2
 0
 0
594
4
 0
 0
 0
 0
595
3
 0
 0
 0
596
2
 0
 0
597
6
 0
 0
 0
 0
 0
 0
598
9
 0
 0
 0
 0
 0
 0
 0
 0
 0
599
3
 0
 0
 0
600
4
 0
 0
 0
 0
601
3
 0
 0
 0
602
1
 0
603
6
 0
 0
 0
 0
 0
 0
604
7
 0
 0
 0
 0
 0
 0
 0
605
1
 0
606
5
 0
 0
 0
 0
 0
607
5
 0
 0
 0
 0
 0
608
2
 0
 0
609
4
 0
 0
 0
 0
610
5
 0
 0
 0
 0
 0
611
6
 0
 0
 0
 0
 0
 0
612
6
 0
 0
 0
 0
 0
 0
613
4
 0
 0
 0
 0
614
1
 0
615
4
 0
 0
 0
 0
616
4
 0
 0
 0
 0
617
3
 0
 0
 0
618
7
 0
 0
 0
 0
 0
 0
 0
619
4
 0
 0
 0
 0
620
7
 0
 0
 0
 0
 0
 0
 0
621
6
 0
 0
 0
 0
 0
 0
622
8
 0
 0
 0
 0
 0
 0
 0
 0
623
4
 0
 0
 0
 0
624
3
 0
 0
 0
625
3
 0
 0
 0
626
4
 0
 0
 0
 0
627
5
 0
 0
 0
 0
 0
628
6
 0
 0
 0
 0
 0
 0
629
2
 0
 0
630
2
 0
 0
631
4
 0
 0
 0
 0
632
5
 0
 0
 0
 0
 0
633
4
 0
 0
 0
 0
634
5
 0
 0
 0
 0
 0
635
4
 0
 0
 0
 0
636
5
 0
 0
 0
 0
 0
637
4
 0
 0
 0
 0
638
1
 0
639
3
 0
 0
 0
640
5
 0
 0
 0
 0
 0
641
5
 0
 0
 0
 0
 0
642
2
 0
 0
643
1
 0
644
1
 0
645
4
 0
 0
 0
 0
646
4
 0
 0
 0
 0
647
4
 0
 0
 0
 0
648
4
 0
 0
 0
 0
649
5
 0
 0
 0
 0
 0
650
2
 0
 0
651
4
 0
 0
 0
 0
652
4
 0
 0
 0
 0
653
3
 0
 0
 0
654
3
 0
 0
 0
655
7
 0
 0
 0
 0
 0
 0
 0
656
4
 0
 0
 0
 0
657
4
 0
 0
 0
 0
658
5
 0
 0
 0
 0
 0
659
1
 0
660
3
 0
 0
 0
661
4
 0
 0
 0
 0
662
2
 0
 0
663
4
 0
 0
 0
 0
664
9
 0
 0
 0
 0
 0
 0
 0
 0
 0
665
5
 0
 0
 0
 0
 0
666
4
 0
 0
 0
 0
667
1
 0
668
3
 0
 0
 0
670
4
 0
 0
 0
 0
671
6
 0
 0
 0
 0
 0
 0
672
8
 0
 0
 0
 0
 0
 0
 0
 0
673
3
 0
 0
 0
674
3
 0
 0
 0
675
1
 0
676
4
 0
 0
 0
 0
677
3
 0
 0
 0
678
4
 0
 0
 0
 0
679
5
 0
 0
 0
 0
 0
680
4
 0
 0
 0
 0
681
3
 0
 0
 0
682
5
 0
 0
 0
 0
 0
683
2
 0
 0
684
3
 0
 0
 0
685
5
 0
 0
 0
 0
 0
686
4
 0
 0
 0
 0
687
5
 0
 0
 0
 0
 0
688
3
 0
 0
 0
689
5
 0
 0
 0
 0
 0
690
2
 0
 0
691
1
 0
692
5
 0
 0
 0
 0
 0
693
1
 0
694
4
b-gje 1
 0
 0
 0
695
3
 0
 0
 0
696
6
 0
 0
 0
 0
 0
 0
697
3
 0
 0
 0
698
2
 0
 0
699
4
 0
 0
 0
 0
700
4
 0
 0
 0
 0
701
3
 0
 0
 0
702
4
 0
 0
 0
 0
703
1
 0
704
6
 0
 0
 0
 0
 0
 0
705
5
 0
 0
 0
 0
 0
706
6
 0
 0
 0
 0
 0
 0
707
4
 0
 0
 0
 0
708
3
 0
 0
 0
709
1
 0
710
3
 0
 0
 0
711
4
 0
 0
 0
 0
712
3
 0
 0
 0
713
6
 0
 0
 0
 0
 0
 0
714
3
 0
 0
 0
715
3
 0
 0
 0
716
5
 0
 0
 0
 0
 0
717
4
 0
 0
 0
 0
718
2
 0
 0
719
2
 0
 0
720
7
g-hca 1
 0
 0
 0
 0
 0
 0
721
5
 0
 0
 0
 0
 0
722
2
 0
 0
723
5
 0
 0
 0
 0
 0
724
7
 0
 0
 0
 0
 0
 0
 0
725
5
b-hcf 1
 0
 0
 0
 0
726
4
 0
 0
 0
 0
727
4
 0
 0
 0
 0
728
5
 0
 0
 0
 0
 0
729
6
 0
 0
 0
 0
 0
 0
730
5
 0
 0
 0
 0
 0
731
4
 0
 0
 0
 0
732
6
 0
 0
 0
 0
 0
 0
733
4
 0
 0
 0
 0
734
3
 0
 0
 0
735
5
 0
 0
 0
 0
 0
736
3
 0
 0
 0
737
3
 0
 0
 0
738
3
 0
 0
 0
739
4
 0
 0
 0
 0
740
8
 0
 0
 0
 0
 0
 0
 0
 0
741
2
 0
 0
742
4
 0
 0
 0
 0
743
3
 0
 0
 0
744
3
 0
 0
 0
745
5
 0
 0
 0
 0
 0
746
3
 0
 0
 0
747
4
 0
 0
 0
 0
748
3
 0
 0
 0
749
4
 0
 0
 0
 0
750
5
 0
 0
 0
 0
 0
751
5
 0
 0
 0
 0
 0
752
3
 0
 0
 0
753
4
 0
 0
 0
 0
754
4
 0
 0
 0
 0
755
3
 0
 0
 0
756
3
 0
 0
 0
757
5
 0
 0
 0
 0
 0
758
3
 0
 0
 0
759
3
 0
 0
 0
760
2
 0
 0
761
6
 0
 0
 0
 0
 0
 0
762
4
 0
 0
 0
 0
763
2
 0
 0
764
3
 0
 0
 0
765
4
 0
 0
 0
 0
766
3
 0
 0
 0
767
2
 0
 0
768
4
 0
 0
 0
 0
769
1
 0
770
6
 0
 0
 0
 0
 0
 0
771
5
 0
 0
 0
 0
 0
772
3
 0
 0
 0
773
4
 0
 0
 0
 0
774
5
 0
 0
 0
 0
 0
775
4
 0
 0
 0
 0
776
4
 0
 0
 0
 0
777
2
 0
 0
778
2
 0
 0
779
7
 0
 0
 0
 0
 0
 0
 0
780
3
 0
 0
 0
781
3
 0
 0
 0
782
4
 0
 0
 0
 0
783
1
 0
784
2
 0
 0
785
3
 0
 0
 0
786
3
 0
 0
 0
787
5
 0
 0
 0
 0
 0
788
4
 0
 0
 0
 0
789
6
 0
 0
 0
 0
 0
 0
790
2
 0
 0
791
3
 0
 0
 0
792
7
 0
 0
 0
 0
 0
 0
 0
793
2
 0
 0
794
2
 0
 0
795
3
 0
 0
 0
796
7
 0
 0
 0
 0
 0
 0
 0
797
2
 0
 0
798
3
 0
 0
 0
799
7
 0
 0
 0
 0
 0
 0
 0
800
6
 0
 0
 0
 0
 0
 0
801
3
 0
 0
 0
802
3
 0
 0
 0
803
5
d-iad 1
 0
 0
 0
 0
804
5
 0
 0
 0
 0
 0
805
4
 0
 0
 0
 0
806
4
 0
 0
 0
 0
807
2
 0
 0
808
4
 0
 0
 0
 0
809
3
 0
 0
 0
810
5
 0
 0
 0
 0
 0
811
2
 0
 0
812
2
 0
 0
813
2
 0
 0
814
3
 0
 0
 0
815
3
 0
 0
 0
816
4
 0
 0
 0
 0
817
3
 0
 0
 0
818
5
 0
 0
 0
 0
 0
819
4
 0
 0
 0
 0
820
5
 0
 0
 0
 0
 0
821
3
 0
 0
 0
822
2
 0
 0
823
5
 0
 0
 0
 0
 0
824
3
 0
 0
 0
825
4
 0
 0
 0
 0
826
3
 0
 0
 0
827
2
 0
 0
828
3
 0
 0
 0
829
2
 0
 0
830
5
 0
 0
 0
 0
 0
831
7
 0
 0
 0
 0
 0
 0
 0
832
3
 0
 0
 0
833
4
 0
 0
 0
 0
834
1
 0
835
5
 0
 0
 0
 0
 0
836
4
 0
 0
 0
 0
837
3
 0
 0
 0
838
5
 0
 0
 0
 0
 0
839
3
 0
 0
 0
840
4
 0
 0
 0
 0
841
3
 0
 0
 0
842
5
 0
 0
 0
 0
 0
843
4
 0
 0
 0
 0
844
3
 0
 0
 0
845
4
 0
 0
 0
 0
846
5
 0
 0
 0
 0
 0
847
4
 0
 0
 0
 0
848
6
 0
 0
 0
 0
 0
 0
849
2
 0
 0
850
5
 0
 0
 0
 0
 0
851
3
 0
 0
 0
852
6
 0
 0
 0
 0
 0
 0
853
4
 0
 0
 0
 0
854
3
 0
 0
 0
855
5
 0
 0
 0
 0
 0
856
3
 0
 0
c-ifg 0
857
4
 0
 0
 0
 0
858
2
 0
 0
859
1
 0
860
2
 0
 0
861
2
 0
 0
862
3
 0
 0
 0
863
3
 0
 0
 0
864
3
 0
 0
 0
865
1
 0
866
1
 0
867
1
 0
868
3
 0
 0
 0
869
4
 0
 0
 0
 0
870
4
 0
 0
 0
 0
871
2
 0
 0
872
3
 0
 0
 0
873
4
 0
 0
 0
 0
874
3
 0
 0
 0
875
5
 0
 0
 0
 0
 0
876
4
 0
 0
 0
 0
877
3
 0
 0
 0
878
5
 0
 0
 0
 0
 0
879
2
 0
 0
880
3
 0
 0
 0
881
5
 0
 0
 0
 0
 0
882
4
 0
 0
 0
 0
883
4
 0
 0
 0
 0
884
5
 0
 0
 0
 0
 0
885
2
 0
 0
886
3
 0
 0
 0
887
1
 0
888
1
 0
889
1
 0
890
3
 0
 0
 0
891
1
 0
892
4
 0
 0
 0
 0
893
3
 0
 0
 0
894
4
 0
 0
 0
 0
895
2
 0
 0
896
2
 0
 0
897
2
 0
 0
898
1
 0
899
2
 0
 0
900
3
 0
 0
 0
901
3
 0
 0
 0
902
5
 0
 0
 0
 0
 0
903
3
 0
 0
 0
904
3
 0
 0
 0
905
2
 0
 0
906
3
 0
 0
 0
907
6
 0
 0
 0
 0
 0
 0
908
5
 0
 0
 0
 0
 0
909
2
 0
 0
910
3
 0
 0
 0
911
2
 0
 0
912
2
 0
 0
913
3
 0
 0
 0
914
3
 0
 0
 0
915
5
 0
 0
 0
 0
 0
916
5
 0
 0
 0
 0
 0
917
3
 0
 0
 0
918
2
 0
 0
919
5
 0
 0
 0
 0
 0
920
4
 0
 0
 0
 0
921
4
 0
 0
 0
 0
922
3
 0
 0
 0
923
4
 0
 0
 0
 0
924
1
 0
925
3
 0
 0
 0
926
3
 0
 0
 0
927
1
 0
928
6
 0
 0
 0
 0
 0
 0
930
3
 0
 0
 0
931
5
 0
 0
 0
 0
 0
932
3
 0
 0
 0
933
3
 0
 0
 0
934
6
 0
 0
 0
 0
 0
 0
936
7
 0
 0
 0
 0
 0
 0
 0
937
1
 0
938
1
 0
939
4
 0
 0
 0
 0
940
2
 0
 0
941
1
 0
942
5
 0
 0
 0
 0
 0
943
1
 0
944
4
 0
 0
 0
 0
945
5
 0
 0
 0
 0
 0
946
2
 0
 0
947
3
 0
 0
 0
948
2
 0
 0
949
3
 0
 0
 0
950
4
 0
 0
 0
 0
951
3
 0
 0
 0
952
3
 0
 0
 0
953
2
 0
 0
954
4
c-jfe 1
 0
 0
 0
955
3
 0
 0
 0
956
4
 0
 0
 0
 0
957
5
 0
 0
 0
 0
 0
958
4
 0
 0
 0
 0
959
5
 0
 0
 0
 0
 0
960
5
 0
 0
 0
 0
 0
961
1
 0
962
5
 0
 0
 0
 0
 0
963
1
 0
964
5
 0
 0
 0
 0
 0
965
5
 0
 0
 0
 0
 0
966
3
 0
 0
 0
967
2
 0
 0
968
2
 0
 0
970
4
 0
 0
 0
 0
971
1
 0
972
4
 0
 0
 0
 0
973
2
 0
 0
974
3
 0
 0
 0
975
4
 0
 0
 0
 0
976
2
 0
 0
977
3
 0
 0
 0
978
3
 0
 0
 0
979
1
 0
980
7
 0
 0
 0
 0
 0
 0
 0
981
4
 0
 0
 0
 0
982
2
 0
 0
983
4
 0
 0
 0
 0
984
3
 0
 0
 0
985
4
 0
 0
 0
 0
986
3
 0
 0
 0
987
3
 0
 0
 0
988
4
 0
 0
 0
 0
989
2
 0
 0
990
1
 0
991
6
 0
 0
 0
 0
 0
 0
992
3
 0
 0
 0
993
1
 0
994
5
 0
 0
 0
 0
 0
995
2
 0
 0
996
2
 0
 0
997
1
 0
998
2
 0
 0
999
3
 0
 0
 0
1000
1
 0
1001
5
 0
 0
 0
 0
 0
1002
2
 0
 0
1003
4
 0
 0
 0
 0
1004
2
 0
 0
1005
2
 0
 0
1006
5
 0
 0
 0
 0
 0
1007
2
 0
 0
1008
4
 0
 0
 0
 0
1009
1
 0
1010
5
 0
 0
 0
 0
 0
1011
3
 0
 0
 0
1012
5
 0
 0
 0
 0
 0
1013
3
 0
 0
 0
1014
4
 0
 0
 0
 0
1015
2
 0
 0
1016
3
 0
 0
 0
1017
2
 0
 0
1018
3
 0
 0
 0
1019
3
 0
 0
 0
1020
1
 0
1021
6
 0
 0
 0
 0
 0
 0
1022
3
 0
 0
 0
1023
1
 0
1024
2
 0
 0
1025
1
 0
1026
2
 0
 0
1027
3
 0
 0
 0
1028
2
 0
 0
1029
4
 0
 0
 0
 0
1030
4
 0
 0
 0
 0
1031
3
 0
 0
 0
1032
3
 0
 0
 0
1033
3
 0
 0
 0
1034
1
 0
1035
1
 0
1036
2
 0
 0
1037
2
 0
 0
1038
2
 0
 0
1039
4
 0
 0
 0
 0
1040
4
 0
 0
 0
 0
1041
4
 0
 0
 0
 0
1042
5
 0
 0
 0
 0
 0
1043
1
 0
1044
1
 0
1045
4
 0
 0
 0
 0
1046
4
 0
 0
 0
 0
1047
2
 0
 0
1048
4
 0
 0
 0
 0
1049
4
 0
 0
 0
 0
1050
5
 0
 0
 0
 0
 0
1051
4
 0
 0
 0
 0
1052
4
 0
 0
 0
 0
1053
2
 0
 0
1054
3
 0
 0
 0
1055
2
 0
 0
1056
1
 0
1057
1
 0
1058
4
 0
 0
 0
 0
1059
3
 0
 0
 0
1060
2
 0
 0
1061
2
 0
 0
1062
1
 0
1063
3
 0
 0
 0
1064
4
 0
 0
 0
 0
1065
2
 0
 0
1066
5
 0
 0
 0
 0
 0
1067
6
 0
 0
 0
 0
 0
 0
1068
3
 0
 0
 0
1069
3
 0
 0
 0
1070
2
 0
 0
1071
2
 0
 0
1072
1
 0
1073
6
 0
 0
 0
 0
 0
 0
1074
1
 0
1075
2
 0
 0
1076
2
 0
 0
1077
4
 0
 0
 0
 0
1078
4
 0
 0
 0
 0
1079
2
 0
 0
1080
3
 0
 0
 0
1081
2
 0
 0
1082
3
 0
 0
 0
1083
2
 0
 0
1084
5
 0
 0
 0
 0
 0
1085
1
 0
1086
4
 0
 0
 0
 0
1087
6
 0
 0
 0
 0
 0
 0
1088
2
 0
 0
1089
3
 0
 0
 0
1090
4
 0
 0
 0
 0
1091
3
 0
 0
 0
1092
3
 0
 0
 0
1093
4
 0
 0
 0
 0
1094
4
 0
 0
 0
 0
1095
5
 0
 0
 0
 0
 0
1096
2
 0
 0
1097
2
 0
 0
1098
2
 0
 0
1099
3
 0
 0
 0
1100
3
 0
 0
 0
1101
2
 0
 0
1102
4
 0
 0
 0
 0
1103
2
 0
 0
1104
6
 0
 0
 0
 0
 0
 0
1105
2
 0
 0
1106
1
 0
1107
4
 0
 0
 0
 0
1108
3
 0
 0
 0
1109
1
 0
1110
5
 0
 0
 0
 0
 0
1111
1
 0
1113
4
 0
 0
 0
 0
1114
3
 0
 0
 0
1115
3
 0
 0
 0
1116
3
 0
 0
 0
1117
2
 0
 0
1118
2
 0
 0
1119
3
 0
 0
 0
1120
2
 0
 0
1121
6
 0
 0
 0
 0
 0
 0
1122
2
 0
 0
1123
3
 0
 0
 0
1124
2
 0
 0
1125
2
 0
 0
1126
3
 0
 0
 0
1127
1
 0
1128
2
 0
 0
1129
2
 0
 0
1130
3
 0
 0
 0
1131
5
 0
 0
 0
 0
 0
1132
1
 0
1133
5
 0
 0
 0
 0
 0
1134
1
 0
1135
3
 0
 0
 0
1136
3
 0
 0
 0
1137
3
 0
 0
 0
1138
3
 0
 0
 0
1139
1
 0
1140
3
 0
 0
 0
1141
5
 0
 0
 0
 0
 0
1142
2
 0
 0
1143
1
 0
1144
2
 0
 0
1145
4
 0
 0
 0
 0
1146
3
 0
 0
 0
1147
2
 0
 0
1148
2
 0
 0
1149
3
 0
 0
 0
1150
2
 0
 0
1151
5
 0
 0
 0
 0
 0
1152
2
 0
 0
1153
4
 0
 0
 0
 0
1154
2
 0
 0
1155
6
 0
 0
 0
 0
 0
 0
1156
4
 0
 0
 0
 0
1157
3
 0
 0
 0
1158
3
 0
 0
 0
1159
4
 0
 0
 0
 0
1160
2
 0
 0
1161
4
 0
 0
 0
 0
1162
1
 0
1163
1
 0
1164
4
 0
 0
 0
 0
1165
1
 0
1166
4
 0
 0
 0
 0
1167
1
 0
1168
4
 0
 0
 0
 0
1169
4
 0
 0
 0
 0
1170
2
 0
 0
1171
2
 0
 0
1172
3
 0
 0
 0
1173
4
 0
 0
 0
 0
1174
4
 0
 0
 0
 0
1175
3
 0
 0
 0
1177
2
 0
 0
1178
2
 0
 0
1179
1
 0
1180
3
 0
 0
 0
1181
1
 0
1182
2
 0
 0
1183
1
 0
1184
3
 0
 0
 0
1185
2
 0
 0
1186
1
 0
1187
2
 0
 0
1188
2
 0
 0
1189
3
 0
 0
 0
1190
2
 0
 0
1191
2
 0
 0
1192
3
 0
 0
 0
1193
1
 0
1194
1
 0
1195
4
 0
 0
 0
 0
1196
3
 0
 0
 0
1197
2
 0
 0
1198
3
 0
 0
 0
1199
1
 0
1200
2
 0
 0
1201
4
 0
 0
 0
 0
1202
3
 0
 0
 0
1203
3
 0
 0
 0
1204
2
 0
 0
1205
3
 0
 0
 0
1206
2
 0
 0
1207
1
 0
1208
1
 0
1209
1
 0
1210
2
 0
 0
1211
3
 0
 0
 0
1212
5
 0
 0
 0
 0
 0
1213
1
 0
1214
2
 0
 0
1215
2
 0
 0
1216
3
 0
 0
 0
1217
1
 0
1218
3
 0
 0
 0
1219
3
 0
 0
 0
1220
4
 0
 0
 0
 0
1221
3
 0
 0
 0
1222
1
 0
1223
3
 0
 0
 0
1224
2
 0
 0
1225
2
 0
 0
1226
2
 0
 0
1227
1
 0
1228
2
 0
 0
1229
6
 0
 0
 0
 0
 0
 0
1230
3
 0
 0
 0
1231
3
 0
 0
 0
1232
4
 0
 0
 0
 0
1233
3
 0
 0
 0
1234
5
 0
 0
 0
 0
 0
1235
1
 0
1236
3
 0
 0
 0
1237
2
 0
 0
1238
3
 0
 0
 0
1239
1
 0
1240
1
 0
1241
2
 0
 0
1242
1
 0
1243
1
 0
1244
6
 0
 0
 0
 0
 0
 0
1245
2
 0
 0
1246
1
 0
1247
4
 0
 0
 0
 0
1248
1
 0
1249
3
 0
 0
 0
1250
2
 0
 0
1252
2
 0
 0
1253
3
 0
 0
 0
1254
1
 0
1255
4
 0
 0
 0
 0
1256
2
 0
 0
1257
1
 0
1258
1
 0
1259
4
 0
 0
 0
 0
1260
1
 0
1261
2
 0
 0
1262
2
 0
 0
1263
1
 0
1264
3
 0
 0
 0
1265
1
 0
1266
2
 0
 0
1267
2
 0
 0
1268
4
 0
 0
 0
 0
1269
3
 0
 0
 0
1270
2
 0
 0
1271
2
 0
 0
1272
2
 0
 0
1273
2
 0
 0
1274
2
 0
 0
1275
2
 0
 0
1276
4
 0
 0
 0
 0
1277
5
 0
 0
 0
 0
 0
1278
2
 0
 0
1279
1
 0
1280
5
 0
 0
 0
 0
 0
1281
4
 0
 0
 0
 0
1283
1
 0
1284
3
 0
 0
 0
1285
2
 0
 0
1286
1
 0
1287
1
 0
1288
3
 0
 0
 0
1289
1
 0
1290
3
 0
 0
 0
1291
2
 0
 0
1292
2
 0
 0
1293
1
 0
1294
1
 0
1295
4
 0
 0
 0
 0
1296
2
 0
 0
1297
1
 0
1298
2
 0
 0
1299
2
 0
 0
1300
3
 0
 0
 0
1301
2
 0
 0
1302
2
 0
 0
1303
3
 0
 0
 0
1304
2
 0
 0
1305
1
 0
1306
1
 0
1307
2
 0
 0
1308
2
 0
 0
1309
2
 0
 0
1310
1
 0
1311
1
 0
1312
1
 0
1314
1
 0
1315
1
 0
1316
3
 0
 0
 0
1317
1
 0
1318
2
 0
 0
1319
4
 0
 0
 0
 0
1320
1
 0
1321
2
 0
 0
1322
2
 0
 0
1323
2
 0
 0
1324
1
 0
1325
1
 0
1326
1
 0
1327
2
 0
 0
1328
2
 0
 0
1329
2
 0
 0
1330
2
 0
 0
1331
1
 0
1333
2
 0
 0
1334
2
 0
 0
1335
3
 0
 0
 0
1336
1
 0
1337
1
 0
1338
1
 0
1339
3
 0
 0
 0
1340
1
 0
1341
2
 0
 0
1342
4
 0
 0
 0
 0
1343
2
 0
 0
1344
3
 0
 0
 0
1345
2
 0
 0
1346
3
 0
 0
 0
1347
2
 0
 0
1348
1
 0
1349
2
 0
 0
1350
3
 0
 0
 0
1351
2
 0
 0
1352
1
 0
1353
2
 0
 0
1354
2
 0
 0
1355
1
 0
1356
2
 0
 0
1357
2
 0
 0
1358
2
 0
 0
1359
3
 0
 0
 0
1360
4
 0
 0
 0
 0
1361
3
 0
 0
 0
1362
2
 0
 0
1363
2
 0
 0
1364
1
 0
1365
3
 0
 0
 0
1366
1
 0
1367
2
 0
 0
1368
2
 0
 0
1369
2
 0
 0
1370
3
 0
 0
 0
1371
2
 0
 0
1372
2
 0
 0
1373
2
 0
 0
1374
4
 0
 0
 0
 0
1375
2
 0
 0
1376
1
 0
1377
1
 0
1378
3
 0
 0
 0
1379
1
 0
1380
2
 0
 0
1381
1
 0
1382
1
 0
1383
1
 0
1384
1
 0
1385
2
 0
 0
1386
2
 0
 0
1387
1
 0
1388
2
 0
 0
1389
1
 0
1390
2
 0
 0
1391
1
 0
1392
2
 0
 0
1393
1
 0
1394
3
 0
 0
 0
1395
1
 0
1396
1
 0
1397
2
 0
 0
1398
2
 0
 0
1399
2
 0
 0
1400
2
 0
 0
1401
2
 0
 0
1403
2
 0
 0
1404
1
 0
1405
1
 0
1406
1
 0
1407
3
 0
 0
 0
1408
1
 0
1409
2
 0
 0
1410
3
 0
 0
 0
1411
1
 0
1412
1
 0
1413
2
 0
 0
1414
1
 0
1415
2
 0
 0
1416
1
 0
1417
2
 0
 0
1418
1
 0
1419
1
 0
1420
2
 0
 0
1421
3
 0
 0
 0
1422
2
 0
 0
1423
2
 0
 0
1424
1
 0
1425
2
 0
 0
1426
1
 0
1427
1
 0
1428
1
 0
1429
2
 0
 0
1430
3
 0
 0
 0
1431
1
 0
1432
2
 0
 0
1433
1
 0
1434
2
 0
 0
1435
2
 0
 0
1436
2
 0
 0
1437
2
 0
 0
1438
2
 0
 0
1439
1
 0
1441
2
 0
 0
1442
1
 0
1443
3
 0
 0
 0
1444
2
 0
 0
1445
2
 0
 0
1446
3
 0
 0
 0
1447
1
 0
1448
1
 0
1449
1
 0
1450
2
 0
 0
1451
1
 0
1452
1
 0
1453
3
 0
 0
 0
1454
1
 0
1455
2
 0
 0
1456
1
 0
1457
1
 0
1458
1
 0
1459
1
 0
1460
1
 0
1461
1
 0
1462
2
 0
 0
1463
1
 0
1464
2
 0
 0
1465
1
 0
1466
2
 0
 0
1467
1
 0
1468
1
 0
1469
2
 0
 0
1470
3
 0
 0
 0
1471
1
 0
1472
1
 0
1473
1
 0
1474
3
 0
 0
 0
1475
1
 0
1476
1
 0
1477
1
 0
1478
2
 0
 0
1479
3
 0
 0
 0
1480
1
 0
1481
1
 0
1482
3
 0
 0
 0
1483
2
 0
 0
1484
1
 0
1485
3
 0
 0
 0
1486
2
 0
 0
1487
2
 0
 0
1488
1
 0
1489
2
 0
 0
1490
1
 0
1491
1
 0
1493
1
 0
1494
1
 0
1495
1
 0
1496
2
 0
 0
1497
1
 0
1498
2
 0
 0
1499
1
 0
1500
2
 0
 0
1501
1
 0
1503
1
 0
1504
3
 0
 0
 0
1505
2
 0
 0
1506
2
 0
 0
1507
1
 0
1508
1
 0
1509
1
 0
1510
1
 0
1511
1
 0
1512
1
 0
1513
3
 0
 0
 0
1514
1
 0
1515
2
 0
 0
1516
1
 0
1518
1
 0
1519
1
 0
1520
1
 0
1521
3
 0
 0
 0
1522
1
 0
1523
3
 0
 0
 0
1524
1
 0
1525
1
 0
1526
3
 0
 0
 0
1527
1
 0
1528
1
 0
1529
2
 0
 0
1530
2
 0
 0
1531
1
 0
1532
1
 0
1533
1
 0
1534
1
 0
1535
1
 0
1536
1
 0
1537
1
 0
1538
2
 0
 0
1539
2
 0
 0
1540
1
 0
1541
1
 0
1542
2
 0
 0
1543
2
 0
 0
1544
2
 0
 0
1545
4
 0
 0
 0
 0
1546
1
 0
1547
1
 0
1548
1
 0
1549
1
 0
1550
1
 0
1551
1
 0
1552
1
 0
1553
1
 0
1554
1
 0
1555
1
 0
1556
1
 0
1557
1
 0
1558
1
 0
1559
1
 0
1560
2
 0
 0
1561
2
 0
 0
1562
1
 0
1563
1
 0
1564
1
 0
1565
2
 0
 0
1566
1
 0
1567
1
 0
1568
3
 0
 0
 0
1570
1
 0
1571
1
 0
1572
1
 0
1573
1
 0
1574
1
 0
1575
2
 0
 0
1576
2
 0
 0
1577
1
 0
1578
1
 0
1579
2
 0
 0
1580
1
 0
1581
1
 0
1582
2
 0
 0
1583
1
 0
1584
1
 0
1585
2
 0
 0
1587
1
 0
1588
2
 0
 0
1589
1
 0
1590
1
 0
1591
1
 0
1592
1
 0
1593
1
 0
1594
1
 0
1595
1
 0
1596
1
 0
1597
1
 0
1598
1
 0
1599
1
 0
1600
1
 0
1601
1
 0
1602
1
 0
1603
1
 0
1604
1
 0
1605
1
 0
1606
1
 0
1607
1
 0
1608
1
 0
1609
1
 0
1610
1
 0
1611
1
 0
1612
1
 0
1613
2
 0
 0
1614
1
 0
1615
1
 0
1616
1
 0
1617
2
 0
 0
1618
1
 0
1619
1
 0
1620
1
 0
1621
1
 0
1622
2
 0
 0
1624
1
 0
1625
1
 0
1626
1
 0
1627
1
 0
1628
2
 0
 0
1629
1
 0
1630
1
 0
1631
1
 0
1632
1
 0
1633
3
 0
 0
 0
1634
1
 0
1635
1
 0
1636
1
 0
1637
1
 0
1638
2
 0
 0
1639
1
 0
1640
1
 0
1641
1
 0
1642
2
 0
 0
1643
1
 0
1644
1
 0
1645
1
 0
1646
1
 0
1647
1
 0
1648
1
 0
1649
1
 0
1650
1
 0
1651
1
 0
1652
1
 0
1653
2
 0
 0
1654
1
 0
1655
1
 0
1656
1
 0
1657
1
 0
1658
1
 0
1659
1
 0
1660
1
 0
1661
1
 0
